lat=  1    .000000075497901    .000000075437129    .000000000060773
lat=  2    .043619453907013    .043609075248241    .000010378658772
lat=  3    .087155804038048    .087135061621666    .000020742416382
lat=  4    .130526244640350    .130495190620422    .000031054019928
lat=  5    .173648223280907    .173606902360916    .000041320919991
lat=  6    .216439649462700    .216388136148453    .000051513314247
lat=  7    .258819073438644    .258757472038269    .000061601400375
lat=  8    .300705820322037    .300634264945984    .000071555376053
lat=  9    .342020153999329    .341938763856888    .000081390142441
lat= 10    .382683426141739    .382592380046844    .000091046094894
lat= 11    .422618359327316    .422517776489258    .000100582838058
lat= 12    .461748689413071    .461638808250427    .000109881162643
lat= 13    .500000059604645    .499881088733673    .000118970870972
lat= 14    .537299692630768    .537171840667725    .000127851963043
lat= 15    .573576509952545    .573440015316010    .000136494636536
lat= 16    .608761489391327    .608616590499878    .000144898891449
lat= 17    .642787635326385    .642634689807892    .000152945518494
lat= 18    .675590217113495    .675429463386536    .000160753726959
lat= 19    .707106828689575    .706938505172729    .000168323516846
lat= 20    .737277328968048    .737101912498474    .000175416469574
lat= 21    .766044437885284    .765862166881561    .000182271003723
lat= 22    .793353319168091    .793164551258087    .000188767910004
lat= 23    .819152057170868    .818957090377808    .000194966793060
lat= 24    .843391478061676    .843190789222717    .000200688838959
lat= 25    .866025447845459    .865819334983826    .000206112861633
lat= 26    .887010872364044    .886799752712250    .000211119651794
lat= 27    .906307816505432    .906092166900635    .000215649604797
lat= 28    .923879563808441    .923659682273865    .000219881534576
lat= 29    .939692616462708    .939468979835510    .000223636627197
lat= 30    .953716933727264    .953490018844604    .000226914882660
lat= 31    .965925812721252    .965695977210999    .000229835510254
lat= 32    .976296007633209    .976063728332520    .000232279300690
lat= 33    .984807729721069    .984573423862457    .000234305858612
lat= 34    .991444885730743    .991208910942078    .000235974788666
lat= 35    .996194720268250    .995957612991333    .000237107276917
lat= 36    .999048233032227    .998810470104218    .000237762928009
lat= 37   1.000000000000000    .999761998653412    .000238001346588
lat= 38    .999048233032227    .998810470104218    .000237762928009
lat= 39    .996194720268250    .995957612991333    .000237107276917
lat= 40    .991444885730743    .991208910942078    .000235974788666
lat= 41    .984807729721069    .984573423862457    .000234305858612
lat= 42    .976296007633209    .976063728332520    .000232279300690
lat= 43    .965925812721252    .965695977210999    .000229835510254
lat= 44    .953716933727264    .953490018844604    .000226914882660
lat= 45    .939692616462708    .939468979835510    .000223636627197
lat= 46    .923879563808441    .923659682273865    .000219881534576
lat= 47    .906307816505432    .906092166900635    .000215649604797
lat= 48    .887010872364044    .886799752712250    .000211119651794
lat= 49    .866025447845459    .865819334983826    .000206112861633
lat= 50    .843391478061676    .843190789222717    .000200688838959
lat= 51    .819152057170868    .818957090377808    .000194966793060
lat= 52    .793353319168091    .793164551258087    .000188767910004
lat= 53    .766044437885284    .765862166881561    .000182271003723
lat= 54    .737277328968048    .737101912498474    .000175416469574
lat= 55    .707106828689575    .706938505172729    .000168323516846
lat= 56    .675590217113495    .675429463386536    .000160753726959
lat= 57    .642787635326385    .642634689807892    .000152945518494
lat= 58    .608761489391327    .608616590499878    .000144898891449
lat= 59    .573576509952545    .573440015316010    .000136494636536
lat= 60    .537299692630768    .537171840667725    .000127851963043
lat= 61    .500000059604645    .499881088733673    .000118970870972
lat= 62    .461748689413071    .461638808250427    .000109881162643
lat= 63    .422618359327316    .422517776489258    .000100582838058
lat= 64    .382683426141739    .382592380046844    .000091046094894
lat= 65    .342020153999329    .341938763856888    .000081390142441
lat= 66    .300705820322037    .300634264945984    .000071555376053
lat= 67    .258819073438644    .258757472038269    .000061601400375
lat= 68    .216439649462700    .216388136148453    .000051513314247
lat= 69    .173648223280907    .173606902360916    .000041320919991
lat= 70    .130526244640350    .130495190620422    .000031054019928
lat= 71    .087155804038048    .087135061621666    .000020742416382
lat= 72    .043619453907013    .043609075248241    .000010378658772
lat= 73    .000000075497901    .000000075437129    .000000000060773
  
Total    45.829357147216797  45.818450927734375    .010906219482422
