  Updated to 2013020400
 .0001 .0000 .0008 .0014 .0014 .0015 .0024 .0044 .0097 .0200 .0348 .0491 .0566 .0602 .0597 .0607 .0619 .0646 .0686 .0847 .3609
 .0000 .0000 .0006 .0014 .0016 .0031 .0054 .0097 .0188 .0312 .0499 .0651 .0728 .0754 .0726 .0707 .0671 .0650 .0643 .0681 .2592
 .0001 .0006 .0014 .0018 .0040 .0083 .0152 .0242 .0374 .0530 .0690 .0799 .0811 .0770 .0669 .0595 .0518 .0451 .0385 .0395 .2387
 .0000 .0002 .0010 .0014 .0014 .0020 .0033 .0062 .0122 .0250 .0412 .0564 .0660 .0674 .0666 .0683 .0666 .0671 .0725 .0840 .2951
 .0000 .0004 .0014 .0014 .0027 .0048 .0088 .0151 .0250 .0406 .0590 .0741 .0811 .0807 .0758 .0711 .0666 .0600 .0567 .0572 .2186
 .0000 .0008 .0014 .0021 .0050 .0094 .0169 .0270 .0399 .0572 .0719 .0820 .0827 .0752 .0650 .0570 .0472 .0411 .0354 .0377 .2376
 .0000 .0006 .0014 .0014 .0019 .0031 .0060 .0107 .0184 .0328 .0508 .0656 .0745 .0757 .0748 .0718 .0698 .0677 .0677 .0736 .2344
 .0000 .0008 .0014 .0023 .0048 .0090 .0154 .0239 .0359 .0524 .0708 .0846 .0883 .0831 .0763 .0663 .0588 .0523 .0454 .0457 .1842
 .0000 .0011 .0016 .0033 .0067 .0126 .0212 .0321 .0458 .0624 .0760 .0845 .0827 .0737 .0630 .0529 .0448 .0371 .0325 .0356 .2228
 .0001 .0013 .0014 .0019 .0035 .0062 .0109 .0183 .0283 .0443 .0620 .0785 .0826 .0833 .0791 .0711 .0666 .0614 .0581 .0571 .1857
 .0003 .0014 .0020 .0046 .0092 .0157 .0242 .0357 .0503 .0653 .0817 .0909 .0906 .0815 .0705 .0601 .0487 .0410 .0355 .0347 .1573
 .0000 .0012 .0019 .0044 .0091 .0159 .0269 .0395 .0543 .0692 .0818 .0863 .0825 .0724 .0607 .0495 .0399 .0326 .0289 .0316 .2026
 .0004 .0014 .0019 .0036 .0073 .0121 .0189 .0285 .0417 .0582 .0750 .0880 .0913 .0838 .0765 .0663 .0588 .0518 .0453 .0431 .1470
 .0011 .0019 .0042 .0086 .0161 .0256 .0374 .0513 .0650 .0788 .0888 .0914 .0866 .0740 .0598 .0490 .0387 .0320 .0282 .0293 .1331
 .0001 .0015 .0026 .0066 .0136 .0233 .0370 .0505 .0645 .0784 .0851 .0873 .0809 .0674 .0538 .0427 .0335 .0277 .0253 .0309 .1798
 .0012 .0016 .0031 .0072 .0131 .0214 .0310 .0428 .0569 .0717 .0864 .0925 .0907 .0805 .0704 .0569 .0476 .0396 .0334 .0329 .1198
 .0014 .0033 .0082 .0160 .0272 .0393 .0529 .0669 .0779 .0865 .0904 .0874 .0765 .0633 .0486 .0377 .0300 .0246 .0233 .0260 .1133
 .0004 .0014 .0042 .0094 .0188 .0318 .0463 .0618 .0739 .0822 .0879 .0846 .0751 .0609 .0479 .0370 .0292 .0241 .0227 .0283 .1641
 .0014 .0024 .0066 .0124 .0228 .0336 .0471 .0609 .0739 .0844 .0912 .0900 .0833 .0719 .0585 .0457 .0363 .0300 .0261 .0267 .0965
 .0015 .0057 .0138 .0259 .0412 .0564 .0702 .0818 .0877 .0880 .0858 .0766 .0650 .0501 .0383 .0293 .0229 .0206 .0208 .0252 .0931
 .0010 .0023 .0068 .0147 .0289 .0437 .0599 .0738 .0830 .0863 .0861 .0785 .0666 .0514 .0390 .0304 .0238 .0209 .0208 .0287 .1460
 .0014 .0045 .0111 .0219 .0347 .0491 .0641 .0762 .0844 .0891 .0905 .0844 .0731 .0589 .0455 .0357 .0280 .0223 .0199 .0236 .0820
 .0024 .0098 .0223 .0397 .0572 .0733 .0863 .0914 .0895 .0839 .0748 .0638 .0523 .0403 .0302 .0238 .0199 .0186 .0198 .0238 .0774
 .0014 .0036 .0095 .0219 .0373 .0553 .0711 .0824 .0861 .0847 .0797 .0691 .0577 .0443 .0330 .0258 .0217 .0201 .0211 .0299 .1373
 .0019 .0073 .0187 .0340 .0502 .0662 .0803 .0879 .0906 .0883 .0840 .0745 .0609 .0482 .0362 .0274 .0212 .0182 .0174 .0207 .0662
 .0042 .0156 .0342 .0557 .0749 .0901 .0965 .0942 .0871 .0758 .0648 .0531 .0416 .0318 .0252 .0203 .0184 .0167 .0182 .0231 .0585
 .0016 .0052 .0158 .0315 .0504 .0700 .0841 .0915 .0911 .0831 .0744 .0624 .0485 .0373 .0275 .0220 .0184 .0187 .0205 .0276 .1102
 .0029 .0124 .0285 .0483 .0678 .0835 .0942 .0951 .0912 .0830 .0725 .0615 .0489 .0374 .0279 .0213 .0178 .0155 .0161 .0205 .0532
 .0063 .0223 .0466 .0724 .0931 .1035 .1019 .0934 .0807 .0659 .0524 .0437 .0332 .0271 .0219 .0180 .0167 .0166 .0170 .0209 .0460
 .0018 .0083 .0221 .0424 .0648 .0831 .0937 .0946 .0875 .0765 .0642 .0527 .0406 .0320 .0241 .0198 .0185 .0187 .0210 .0287 .0961
 .0046 .0186 .0401 .0640 .0863 .1004 .1035 .0984 .0874 .0739 .0609 .0483 .0390 .0300 .0232 .0180 .0149 .0146 .0151 .0176 .0416
 .0088 .0321 .0621 .0915 .1082 .1123 .1060 .0879 .0713 .0555 .0431 .0346 .0285 .0231 .0192 .0175 .0161 .0162 .0161 .0177 .0314
 .0027 .0129 .0327 .0579 .0828 .1002 .1034 .0971 .0833 .0677 .0540 .0441 .0349 .0271 .0219 .0186 .0174 .0174 .0209 .0245 .0708
 .0072 .0263 .0534 .0812 .1021 .1105 .1076 .0959 .0799 .0632 .0503 .0401 .0312 .0243 .0192 .0160 .0143 .0139 .0142 .0160 .0326
 .0124 .0416 .0795 .1097 .1242 .1200 .1033 .0808 .0604 .0438 .0334 .0277 .0240 .0206 .0178 .0170 .0161 .0139 .0153 .0155 .0231
 .0048 .0186 .0440 .0736 .0989 .1074 .1048 .0904 .0740 .0578 .0451 .0365 .0293 .0230 .0202 .0182 .0178 .0177 .0194 .0262 .0646
 .0094 .0346 .0693 .1002 .1186 .1186 .1083 .0895 .0691 .0534 .0405 .0326 .0257 .0208 .0169 .0151 .0138 .0131 .0131 .0146 .0227
 .0163 .0531 .0960 .1266 .1351 .1225 .0987 .0730 .0513 .0360 .0269 .0233 .0216 .0193 .0169 .0157 .0141 .0129 .0125 .0126 .0155
 .0066 .0268 .0585 .0889 .1101 .1145 .1034 .0830 .0639 .0490 .0370 .0317 .0266 .0222 .0192 .0187 .0180 .0179 .0197 .0239 .0522
 .0125 .0445 .0855 .1182 .1303 .1237 .1045 .0814 .0599 .0427 .0323 .0255 .0222 .0188 .0165 .0148 .0135 .0130 .0126 .0113 .0169
 .0209 .0663 .1157 .1419 .1413 .1217 .0933 .0632 .0407 .0277 .0222 .0200 .0191 .0178 .0166 .0147 .0131 .0126 .0105 .0104 .0106
 .0096 .0372 .0756 .1072 .1221 .1174 .0973 .0740 .0515 .0364 .0300 .0261 .0251 .0229 .0206 .0202 .0194 .0194 .0209 .0223 .0370
 .0163 .0557 .1022 .1323 .1413 .1250 .1010 .0737 .0505 .0339 .0263 .0210 .0191 .0175 .0156 .0139 .0121 .0109 .0098 .0093 .0120
 .0259 .0792 .1317 .1559 .1465 .1185 .0852 .0553 .0340 .0230 .0179 .0190 .0178 .0173 .0148 .0126 .0108 .0104 .0088 .0076 .0067
 .0156 .0538 .0964 .1262 .1316 .1143 .0882 .0617 .0409 .0295 .0257 .0250 .0237 .0216 .0203 .0182 .0184 .0182 .0166 .0184 .0266
 .0210 .0668 .1178 .1472 .1455 .1242 .0941 .0641 .0419 .0274 .0219 .0195 .0185 .0161 .0140 .0132 .0114 .0100 .0084 .0087 .0086
 .0310 .0938 .1481 .1673 .1487 .1143 .0760 .0474 .0271 .0179 .0157 .0163 .0173 .0154 .0141 .0127 .0108 .0088 .0071 .0057 .0043
 .0226 .0696 .1168 .1393 .1315 .1075 .0775 .0503 .0320 .0227 .0216 .0234 .0243 .0230 .0211 .0203 .0194 .0178 .0166 .0163 .0179
 .0228 .0742 .1280 .1571 .1513 .1247 .0903 .0605 .0371 .0240 .0188 .0169 .0161 .0149 .0133 .0118 .0101 .0081 .0072 .0071 .0055
 .0345 .1026 .1573 .1746 .1530 .1110 .0735 .0442 .0254 .0160 .0139 .0148 .0151 .0144 .0122 .0106 .0087 .0066 .0050 .0043 .0022
 .0232 .0716 .1197 .1440 .1373 .1104 .0807 .0534 .0338 .0230 .0215 .0228 .0226 .0223 .0199 .0184 .0158 .0145 .0123 .0118 .0139
 .0264 .0843 .1417 .1686 .1543 .1223 .0841 .0530 .0310 .0201 .0161 .0157 .0161 .0140 .0127 .0104 .0084 .0070 .0059 .0049 .0032
 .0401 .1147 .1729 .1822 .1511 .1070 .0659 .0375 .0203 .0136 .0118 .0132 .0145 .0134 .0112 .0090 .0068 .0058 .0047 .0031 .0014
 .0280 .0841 .1338 .1519 .1362 .1042 .0716 .0447 .0267 .0200 .0199 .0227 .0246 .0233 .0208 .0179 .0153 .0137 .0113 .0111 .0102
 .0313 .0946 .1545 .1746 .1572 .1182 .0776 .0465 .0261 .0162 .0134 .0139 .0146 .0133 .0121 .0099 .0076 .0065 .0050 .0038 .0030
 .0462 .1276 .1879 .1880 .1496 .1016 .0601 .0315 .0172 .0110 .0104 .0118 .0126 .0109 .0094 .0077 .0060 .0043 .0028 .0018 .0014
 .0360 .0992 .1492 .1569 .1352 .0978 .0631 .0373 .0231 .0177 .0195 .0225 .0243 .0223 .0192 .0162 .0141 .0111 .0105 .0091 .0076
 .0350 .1053 .1646 .1840 .1594 .1145 .0722 .0406 .0219 .0136 .0120 .0130 .0127 .0121 .0103 .0085 .0064 .0057 .0041 .0026 .0028
 .0508 .1389 .1961 .1936 .1490 .0970 .0535 .0275 .0139 .0085 .0092 .0107 .0116 .0107 .0091 .0074 .0044 .0031 .0024 .0014 .0014
 .0400 .1096 .1591 .1655 .1343 .0934 .0572 .0330 .0191 .0160 .0178 .0206 .0222 .0209 .0182 .0164 .0142 .0120 .0095 .0070 .0063
 .0381 .1141 .1753 .1894 .1579 .1108 .0666 .0364 .0193 .0116 .0109 .0115 .0120 .0112 .0098 .0075 .0060 .0044 .0030 .0023 .0016
 .0558 .1476 .2058 .1975 .1462 .0933 .0502 .0244 .0118 .0076 .0082 .0102 .0107 .0100 .0077 .0049 .0037 .0020 .0014 .0014 .0014
 .0471 .1228 .1728 .1703 .1327 .0905 .0529 .0283 .0163 .0137 .0170 .0215 .0221 .0194 .0170 .0135 .0109 .0085 .0068 .0047 .0040
 .0430 .1241 .1852 .1944 .1557 .1047 .0622 .0321 .0170 .0104 .0095 .0108 .0119 .0111 .0087 .0069 .0054 .0032 .0019 .0017 .0019
 .0602 .1585 .2144 .1983 .1430 .0872 .0460 .0219 .0104 .0068 .0076 .0096 .0100 .0085 .0065 .0042 .0030 .0021 .0014 .0014 .0014
 .0569 .1359 .1796 .1692 .1263 .0805 .0465 .0243 .0139 .0121 .0162 .0217 .0236 .0218 .0175 .0144 .0110 .0079 .0057 .0044 .0027
 .0484 .1337 .1952 .1941 .1532 .0985 .0576 .0295 .0154 .0088 .0098 .0108 .0108 .0107 .0078 .0055 .0033 .0026 .0021 .0018 .0016
 .0677 .1702 .2207 .1990 .1400 .0826 .0417 .0191 .0091 .0061 .0070 .0084 .0086 .0073 .0050 .0035 .0018 .0014 .0014 .0014 .0014
 .0681 .1529 .1898 .1691 .1222 .0744 .0406 .0209 .0119 .0109 .0159 .0221 .0224 .0194 .0154 .0115 .0080 .0057 .0046 .0038 .0027
 .0523 .1444 .2026 .1982 .1505 .0946 .0525 .0263 .0132 .0084 .0084 .0106 .0103 .0081 .0060 .0044 .0030 .0022 .0018 .0023 .0016
 .0741 .1818 .2281 .1968 .1344 .0757 .0378 .0171 .0078 .0060 .0065 .0078 .0083 .0069 .0050 .0030 .0015 .0014 .0014 .0014 .0014
 .0781 .1709 .1991 .1667 .1117 .0654 .0343 .0163 .0098 .0116 .0173 .0212 .0217 .0189 .0142 .0109 .0079 .0059 .0044 .0037 .0019
 .0554 .1499 .2071 .1995 .1513 .0936 .0488 .0244 .0118 .0073 .0082 .0097 .0094 .0075 .0055 .0039 .0023 .0022 .0015 .0015 .0016
 .0804 .1903 .2329 .1991 .1300 .0709 .0341 .0156 .0074 .0048 .0056 .0069 .0072 .0057 .0043 .0026 .0014 .0014 .0014 .0014 .0014
 .0891 .1833 .2043 .1662 .1086 .0611 .0311 .0151 .0084 .0096 .0151 .0202 .0208 .0178 .0132 .0101 .0070 .0046 .0035 .0014 .0015
 .0585 .1559 .2140 .2019 .1487 .0896 .0466 .0223 .0112 .0071 .0072 .0085 .0077 .0062 .0048 .0032 .0026 .0018 .0018 .0014 .0014
 .0811 .1934 .2348 .1974 .1292 .0693 .0333 .0149 .0069 .0046 .0057 .0068 .0068 .0057 .0042 .0026 .0014 .0015 .0015 .0014 .0014
 .0910 .1843 .2072 .1638 .1076 .0606 .0296 .0141 .0083 .0101 .0151 .0195 .0199 .0171 .0136 .0100 .0075 .0056 .0041 .0017 .0014
 .0622 .1620 .2162 .2033 .1455 .0878 .0452 .0208 .0094 .0064 .0069 .0085 .0080 .0060 .0045 .0031 .0022 .0015 .0014 .0014 .0014
 .0833 .1955 .2381 .1979 .1295 .0690 .0329 .0139 .0059 .0042 .0048 .0062 .0061 .0048 .0035 .0021 .0015 .0015 .0014 .0014 .0014
 .0923 .1875 .2078 .1663 .1083 .0598 .0298 .0141 .0079 .0099 .0154 .0200 .0200 .0160 .0119 .0094 .0066 .0044 .0025 .0014 .0014
 .0648 .1687 .2223 .2032 .1429 .0842 .0430 .0200 .0087 .0056 .0059 .0069 .0075 .0058 .0037 .0026 .0020 .0016 .0014 .0014 .0014
 .0833 .1981 .2402 .1989 .1282 .0676 .0311 .0132 .0055 .0044 .0050 .0058 .0057 .0045 .0035 .0020 .0017 .0016 .0014 .0014 .0014
 .0944 .1889 .2072 .1665 .1063 .0578 .0276 .0128 .0067 .0099 .0158 .0196 .0203 .0176 .0135 .0091 .0066 .0045 .0034 .0017 .0014
 .0670 .1719 .2278 .2032 .1416 .0815 .0415 .0186 .0082 .0054 .0064 .0073 .0069 .0054 .0031 .0021 .0014 .0014 .0014 .0014 .0014
 .0893 .2054 .2419 .1967 .1256 .0644 .0295 .0118 .0050 .0033 .0040 .0051 .0056 .0046 .0035 .0017 .0015 .0014 .0014 .0014 .0014
 .1007 .1947 .2094 .1638 .1049 .0558 .0270 .0126 .0068 .0083 .0143 .0199 .0215 .0179 .0132 .0093 .0054 .0033 .0022 .0014 .0014
 .0693 .1785 .2301 .2056 .1401 .0804 .0379 .0176 .0075 .0052 .0051 .0065 .0061 .0041 .0023 .0014 .0014 .0014 .0014 .0014 .0014
 .0927 .2106 .2439 .1969 .1214 .0616 .0273 .0113 .0044 .0031 .0043 .0053 .0050 .0046 .0028 .0018 .0017 .0014 .0014 .0014 .0014
 .1058 .2015 .2111 .1619 .0991 .0522 .0243 .0111 .0061 .0083 .0148 .0208 .0213 .0178 .0124 .0089 .0063 .0040 .0022 .0014 .0014
 .0737 .1805 .2336 .2047 .1377 .0779 .0378 .0162 .0070 .0052 .0053 .0059 .0050 .0038 .0022 .0014 .0014 .0014 .0014 .0014 .0014
 .0931 .2114 .2475 .1956 .1208 .0619 .0271 .0107 .0044 .0030 .0040 .0046 .0050 .0039 .0027 .0018 .0016 .0015 .0014 .0014 .0014
 .1087 .2049 .2122 .1600 .0988 .0516 .0238 .0110 .0064 .0096 .0159 .0202 .0221 .0169 .0116 .0077 .0050 .0027 .0014 .0014 .0014
 .0752 .1838 .2365 .2044 .1377 .0768 .0370 .0160 .0067 .0040 .0046 .0051 .0047 .0032 .0018 .0014 .0014 .0014 .0014 .0014 .0014
 .0939 .2112 .2478 .1971 .1217 .0597 .0264 .0097 .0041 .0028 .0041 .0050 .0044 .0039 .0033 .0025 .0015 .0014 .0014 .0014 .0014
 .1078 .2053 .2130 .1581 .0963 .0490 .0239 .0099 .0061 .0091 .0157 .0212 .0222 .0175 .0131 .0091 .0062 .0036 .0023 .0014 .0014
  2013020400  has been     added 
  2013020300  has been     added
  2013020200  has been     added
  2013020100  has been     added
  2013013100  has been not added
  2013013100  has been     added
  2013013000  has been     added
  2013012900  has been     added
  2013012800  has been     added
  2013012700  has been     added
  2013012600  has been     added
  2013012500  has been     added
  2013012400  has been     added
  2013012300  has been     added
  2013012200  has been     added
  2013012100  has been     added
  2013012000  has been     added
  2013011900  has been     added
  2013011800  has been     added
  2013011700  has been     added
  2013011600  has been     added
  2013011500  has been     added
  2013011400  has been     added
  2013011300  has been     added
  2013011200  has been     added
  2013011100  has been     added
  2013011000  has been     added
  2013010900  has been     added
  2013010800  has been     added
  2013010700  has been     added
  2013010600  has been     added
  2013010500  has been     added
  2013010400  has been     added
  2013010300  has been     added
  2013010200  has been     added
  2013010100  has been     added
  2012123100  has been     added
  2012123000  has been     added
  2012122900  has been     added
  2012122800  has been     added
  2012122700  has been     added
  2012122600  has been     added
  2012122500  has been     added
  2012122400  has been     added
  2012122300  has been     added
