  Updated to 2013050500
 .0001 .0000 .0008 .0014 .0014 .0014 .0015 .0033 .0075 .0169 .0309 .0453 .0526 .0563 .0579 .0576 .0602 .0617 .0676 .0831 .3974
 .0000 .0000 .0006 .0014 .0014 .0020 .0035 .0074 .0138 .0268 .0440 .0596 .0685 .0697 .0683 .0675 .0655 .0657 .0687 .0768 .2900
 .0001 .0006 .0014 .0015 .0023 .0052 .0103 .0174 .0283 .0449 .0618 .0756 .0802 .0766 .0703 .0620 .0555 .0495 .0457 .0474 .2572
 .0000 .0002 .0010 .0014 .0014 .0016 .0026 .0052 .0114 .0224 .0388 .0524 .0627 .0649 .0657 .0627 .0663 .0653 .0685 .0811 .3277
 .0000 .0004 .0014 .0014 .0020 .0036 .0071 .0126 .0216 .0366 .0544 .0708 .0782 .0784 .0741 .0708 .0670 .0640 .0625 .0672 .2282
 .0000 .0008 .0014 .0016 .0034 .0065 .0130 .0217 .0355 .0527 .0705 .0814 .0843 .0789 .0699 .0603 .0525 .0432 .0389 .0409 .2361
 .0000 .0006 .0014 .0014 .0014 .0023 .0048 .0083 .0164 .0300 .0472 .0632 .0712 .0725 .0715 .0704 .0669 .0678 .0673 .0742 .2644
 .0000 .0008 .0014 .0021 .0046 .0082 .0135 .0217 .0325 .0489 .0677 .0806 .0863 .0829 .0756 .0688 .0619 .0567 .0520 .0519 .1830
 .0000 .0011 .0014 .0017 .0046 .0095 .0167 .0277 .0419 .0594 .0766 .0863 .0861 .0783 .0674 .0568 .0466 .0409 .0357 .0373 .2171
 .0001 .0013 .0014 .0015 .0025 .0053 .0089 .0152 .0248 .0391 .0577 .0737 .0805 .0804 .0772 .0721 .0677 .0616 .0593 .0591 .2133
 .0003 .0014 .0022 .0049 .0096 .0157 .0238 .0348 .0492 .0639 .0792 .0896 .0877 .0816 .0715 .0619 .0536 .0449 .0403 .0372 .1461
 .0000 .0012 .0014 .0026 .0060 .0123 .0225 .0360 .0531 .0694 .0840 .0914 .0873 .0766 .0640 .0513 .0417 .0336 .0296 .0315 .1975
 .0004 .0014 .0014 .0027 .0054 .0092 .0153 .0232 .0360 .0508 .0702 .0840 .0877 .0849 .0768 .0687 .0611 .0539 .0495 .0463 .1729
 .0011 .0022 .0054 .0111 .0183 .0276 .0400 .0517 .0647 .0771 .0873 .0899 .0861 .0746 .0601 .0494 .0417 .0336 .0297 .0301 .1193
 .0001 .0014 .0018 .0039 .0093 .0177 .0292 .0439 .0611 .0767 .0876 .0916 .0845 .0717 .0575 .0449 .0362 .0293 .0267 .0305 .1876
 .0012 .0014 .0026 .0055 .0101 .0161 .0251 .0360 .0494 .0638 .0803 .0915 .0900 .0818 .0718 .0602 .0515 .0434 .0381 .0372 .1446
 .0014 .0045 .0112 .0202 .0318 .0446 .0567 .0681 .0782 .0844 .0872 .0832 .0753 .0619 .0489 .0378 .0305 .0259 .0239 .0256 .0992
 .0004 .0014 .0026 .0067 .0142 .0252 .0410 .0573 .0720 .0847 .0911 .0884 .0792 .0640 .0496 .0382 .0300 .0251 .0238 .0290 .1681
 .0014 .0020 .0050 .0102 .0170 .0261 .0378 .0512 .0651 .0777 .0879 .0920 .0869 .0749 .0615 .0501 .0419 .0330 .0302 .0307 .1196
 .0022 .0087 .0198 .0346 .0494 .0632 .0735 .0812 .0849 .0841 .0795 .0732 .0614 .0491 .0378 .0297 .0236 .0205 .0202 .0238 .0795
 .0010 .0017 .0042 .0113 .0220 .0372 .0532 .0695 .0834 .0885 .0907 .0821 .0699 .0547 .0416 .0310 .0254 .0216 .0220 .0287 .1530
 .0014 .0033 .0088 .0175 .0278 .0401 .0540 .0668 .0777 .0858 .0903 .0859 .0766 .0625 .0501 .0411 .0320 .0266 .0243 .0275 .1012
 .0039 .0148 .0320 .0500 .0684 .0796 .0865 .0871 .0843 .0782 .0699 .0601 .0497 .0391 .0297 .0238 .0192 .0187 .0190 .0220 .0638
 .0014 .0022 .0073 .0162 .0311 .0494 .0665 .0804 .0895 .0903 .0846 .0744 .0614 .0461 .0341 .0264 .0213 .0201 .0219 .0291 .1397
 .0015 .0060 .0147 .0258 .0409 .0557 .0690 .0802 .0865 .0879 .0854 .0776 .0660 .0535 .0412 .0323 .0255 .0217 .0214 .0246 .0824
 .0069 .0239 .0469 .0696 .0869 .0958 .0948 .0904 .0792 .0673 .0572 .0469 .0389 .0305 .0240 .0198 .0179 .0168 .0173 .0205 .0477
 .0014 .0039 .0121 .0248 .0452 .0656 .0822 .0914 .0940 .0861 .0765 .0631 .0512 .0381 .0281 .0223 .0186 .0176 .0211 .0289 .1193
 .0026 .0100 .0226 .0395 .0570 .0736 .0841 .0898 .0881 .0832 .0774 .0654 .0544 .0428 .0329 .0259 .0216 .0191 .0189 .0238 .0667
 .0107 .0346 .0641 .0903 .1036 .1060 .0985 .0855 .0702 .0565 .0447 .0372 .0303 .0253 .0212 .0187 .0169 .0163 .0169 .0182 .0334
 .0015 .0062 .0182 .0383 .0605 .0818 .0939 .0964 .0892 .0782 .0655 .0522 .0405 .0316 .0248 .0213 .0201 .0204 .0229 .0303 .0990
 .0043 .0147 .0325 .0539 .0737 .0881 .0953 .0950 .0889 .0778 .0662 .0553 .0458 .0344 .0268 .0216 .0182 .0180 .0187 .0216 .0496
 .0156 .0488 .0836 .1089 .1183 .1140 .0993 .0783 .0612 .0451 .0352 .0288 .0258 .0215 .0195 .0168 .0154 .0147 .0139 .0138 .0218
 .0024 .0104 .0282 .0528 .0793 .0975 .1025 .0974 .0851 .0703 .0559 .0437 .0349 .0264 .0223 .0192 .0182 .0202 .0218 .0277 .0767
 .0058 .0219 .0458 .0698 .0918 .1006 .1032 .0967 .0823 .0693 .0555 .0434 .0358 .0271 .0224 .0188 .0165 .0164 .0171 .0201 .0389
 .0216 .0623 .1048 .1284 .1286 .1145 .0922 .0684 .0488 .0347 .0273 .0238 .0224 .0205 .0183 .0158 .0142 .0132 .0119 .0113 .0169
 .0037 .0160 .0397 .0691 .0934 .1058 .1039 .0918 .0747 .0582 .0444 .0353 .0294 .0241 .0215 .0195 .0185 .0203 .0228 .0278 .0706
 .0081 .0306 .0603 .0880 .1076 .1132 .1067 .0923 .0734 .0587 .0454 .0370 .0289 .0241 .0195 .0175 .0159 .0151 .0145 .0165 .0270
 .0281 .0787 .1275 .1464 .1380 .1145 .0855 .0589 .0385 .0264 .0217 .0200 .0196 .0177 .0160 .0141 .0119 .0104 .0087 .0083 .0086
 .0057 .0249 .0565 .0888 .1131 .1162 .1042 .0843 .0622 .0464 .0366 .0310 .0256 .0227 .0208 .0195 .0187 .0186 .0205 .0249 .0503
 .0119 .0405 .0777 .1071 .1215 .1200 .1053 .0832 .0636 .0463 .0363 .0292 .0251 .0217 .0177 .0164 .0152 .0134 .0137 .0138 .0208
 .0351 .0966 .1464 .1596 .1433 .1106 .0768 .0491 .0301 .0204 .0174 .0171 .0172 .0163 .0148 .0121 .0102 .0090 .0080 .0061 .0051
 .0098 .0379 .0780 .1115 .1252 .1169 .0963 .0704 .0489 .0340 .0294 .0268 .0248 .0234 .0222 .0207 .0204 .0202 .0214 .0228 .0316
 .0152 .0515 .0942 .1246 .1321 .1248 .1015 .0772 .0542 .0378 .0292 .0246 .0215 .0189 .0165 .0147 .0132 .0120 .0114 .0114 .0136
 .0422 .1121 .1651 .1715 .1443 .1066 .0688 .0416 .0236 .0155 .0138 .0144 .0153 .0145 .0130 .0108 .0083 .0066 .0050 .0040 .0025
 .0137 .0494 .0957 .1293 .1344 .1203 .0896 .0621 .0399 .0275 .0244 .0243 .0233 .0217 .0206 .0187 .0185 .0185 .0179 .0174 .0242
 .0195 .0625 .1121 .1408 .1420 .1232 .0945 .0671 .0450 .0306 .0230 .0203 .0189 .0177 .0157 .0140 .0123 .0106 .0101 .0092 .0115
 .0497 .1297 .1812 .1818 .1450 .0975 .0591 .0338 .0183 .0113 .0113 .0127 .0136 .0133 .0110 .0092 .0072 .0055 .0039 .0030 .0018
 .0210 .0695 .1195 .1450 .1362 .1067 .0740 .0474 .0295 .0216 .0213 .0235 .0242 .0235 .0219 .0195 .0184 .0180 .0158 .0157 .0189
 .0233 .0728 .1221 .1510 .1484 .1229 .0933 .0626 .0403 .0268 .0194 .0180 .0168 .0150 .0137 .0110 .0103 .0084 .0081 .0077 .0075
 .0538 .1409 .1917 .1870 .1431 .0968 .0572 .0306 .0164 .0103 .0100 .0112 .0120 .0106 .0084 .0070 .0048 .0035 .0023 .0017 .0014
 .0219 .0725 .1270 .1521 .1444 .1134 .0795 .0485 .0296 .0215 .0203 .0219 .0217 .0207 .0180 .0157 .0138 .0131 .0124 .0120 .0117
 .0278 .0849 .1365 .1639 .1513 .1204 .0846 .0549 .0328 .0215 .0167 .0158 .0158 .0139 .0120 .0102 .0088 .0085 .0071 .0067 .0059
 .0595 .1522 .2035 .1901 .1419 .0897 .0509 .0263 .0133 .0079 .0086 .0100 .0104 .0095 .0077 .0058 .0043 .0036 .0024 .0017 .0014
 .0266 .0839 .1363 .1587 .1413 .1065 .0695 .0419 .0242 .0176 .0187 .0222 .0232 .0222 .0195 .0185 .0158 .0137 .0111 .0100 .0094
 .0309 .0952 .1537 .1724 .1561 .1178 .0797 .0478 .0279 .0174 .0140 .0131 .0133 .0125 .0112 .0088 .0076 .0070 .0057 .0047 .0029
 .0656 .1637 .2127 .1951 .1408 .0845 .0454 .0223 .0105 .0069 .0071 .0085 .0089 .0079 .0062 .0049 .0034 .0023 .0016 .0016 .0014
 .0332 .0995 .1539 .1664 .1413 .1015 .0625 .0353 .0199 .0152 .0180 .0210 .0224 .0213 .0181 .0159 .0141 .0114 .0086 .0073 .0046
 .0357 .1051 .1636 .1810 .1544 .1131 .0732 .0431 .0242 .0142 .0122 .0127 .0124 .0120 .0102 .0087 .0069 .0068 .0045 .0038 .0025
 .0689 .1708 .2191 .1971 .1377 .0813 .0416 .0201 .0090 .0057 .0065 .0081 .0084 .0074 .0058 .0048 .0031 .0018 .0016 .0014 .0014
 .0354 .1041 .1568 .1664 .1359 .0940 .0562 .0312 .0172 .0147 .0191 .0239 .0248 .0227 .0195 .0187 .0155 .0129 .0102 .0075 .0056
 .0390 .1153 .1748 .1864 .1577 .1102 .0695 .0381 .0205 .0122 .0110 .0116 .0116 .0104 .0087 .0068 .0056 .0041 .0033 .0023 .0014
 .0756 .1831 .2291 .1987 .1344 .0762 .0374 .0174 .0074 .0049 .0051 .0069 .0069 .0055 .0042 .0030 .0020 .0014 .0014 .0015 .0014
 .0437 .1229 .1743 .1746 .1368 .0893 .0516 .0268 .0144 .0123 .0160 .0212 .0208 .0189 .0170 .0146 .0118 .0089 .0063 .0057 .0030
 .0432 .1249 .1832 .1924 .1548 .1061 .0637 .0340 .0181 .0111 .0096 .0105 .0111 .0094 .0082 .0060 .0045 .0036 .0025 .0018 .0017
 .0802 .1901 .2325 .1968 .1322 .0733 .0347 .0155 .0069 .0044 .0048 .0058 .0063 .0051 .0037 .0026 .0019 .0016 .0015 .0014 .0014
 .0499 .1297 .1771 .1727 .1317 .0842 .0466 .0233 .0133 .0115 .0160 .0202 .0230 .0208 .0180 .0154 .0124 .0098 .0078 .0056 .0022
 .0484 .1367 .1964 .1965 .1542 .1005 .0583 .0301 .0148 .0088 .0081 .0090 .0091 .0086 .0068 .0049 .0037 .0027 .0014 .0014 .0014
 .0825 .1992 .2416 .2011 .1272 .0682 .0319 .0143 .0063 .0038 .0039 .0048 .0051 .0039 .0026 .0018 .0018 .0016 .0014 .0014 .0014
 .0586 .1483 .1966 .1795 .1282 .0767 .0408 .0202 .0113 .0108 .0154 .0195 .0199 .0175 .0145 .0115 .0082 .0067 .0041 .0027 .0020
 .0540 .1450 .2055 .1984 .1515 .0951 .0524 .0259 .0130 .0080 .0076 .0087 .0085 .0073 .0058 .0051 .0035 .0022 .0017 .0014 .0014
 .0860 .2054 .2440 .1984 .1264 .0656 .0298 .0123 .0052 .0034 .0041 .0050 .0046 .0034 .0028 .0017 .0015 .0015 .0016 .0014 .0014
 .0660 .1564 .1952 .1723 .1206 .0706 .0365 .0173 .0102 .0106 .0177 .0228 .0222 .0189 .0163 .0135 .0099 .0071 .0048 .0020 .0019
 .0574 .1533 .2117 .2015 .1498 .0925 .0499 .0244 .0117 .0068 .0063 .0077 .0077 .0064 .0053 .0036 .0024 .0015 .0014 .0014 .0014
 .0898 .2124 .2489 .1986 .1223 .0634 .0277 .0107 .0046 .0029 .0033 .0045 .0041 .0031 .0017 .0014 .0015 .0014 .0014 .0014 .0014
 .0801 .1757 .2050 .1728 .1169 .0663 .0331 .0152 .0092 .0097 .0147 .0197 .0209 .0186 .0128 .0084 .0059 .0033 .0022 .0019 .0014
 .0590 .1566 .2151 .2033 .1489 .0895 .0478 .0223 .0103 .0064 .0064 .0065 .0068 .0061 .0047 .0037 .0023 .0019 .0016 .0014 .0014
 .0916 .2133 .2498 .1992 .1203 .0615 .0264 .0103 .0043 .0030 .0037 .0042 .0043 .0030 .0017 .0017 .0015 .0014 .0014 .0014 .0014
 .0825 .1750 .2037 .1672 .1107 .0622 .0308 .0141 .0079 .0101 .0167 .0223 .0233 .0198 .0145 .0115 .0075 .0054 .0030 .0023 .0014
 .0607 .1599 .2192 .2049 .1499 .0892 .0466 .0214 .0096 .0054 .0061 .0065 .0067 .0051 .0036 .0025 .0015 .0015 .0014 .0014 .0014
 .0948 .2172 .2526 .1997 .1199 .0583 .0253 .0098 .0038 .0029 .0033 .0038 .0033 .0020 .0016 .0014 .0014 .0014 .0014 .0014 .0014
 .0917 .1911 .2125 .1710 .1089 .0586 .0286 .0131 .0074 .0089 .0150 .0200 .0193 .0162 .0115 .0072 .0046 .0024 .0021 .0018 .0017
 .0620 .1667 .2220 .2044 .1451 .0853 .0441 .0202 .0091 .0054 .0057 .0066 .0062 .0054 .0045 .0031 .0021 .0016 .0014 .0014 .0014
 .0933 .2133 .2530 .1995 .1217 .0603 .0257 .0100 .0037 .0026 .0032 .0037 .0035 .0025 .0015 .0014 .0014 .0014 .0014 .0014 .0014
 .0873 .1830 .2080 .1665 .1075 .0588 .0284 .0129 .0076 .0102 .0171 .0216 .0215 .0187 .0147 .0116 .0076 .0046 .0023 .0014 .0014
 .0654 .1687 .2259 .2055 .1459 .0851 .0440 .0197 .0092 .0053 .0052 .0058 .0054 .0038 .0025 .0014 .0014 .0014 .0014 .0014 .0014
 .0965 .2195 .2542 .2006 .1186 .0589 .0247 .0092 .0038 .0020 .0028 .0029 .0025 .0016 .0015 .0014 .0014 .0014 .0014 .0014 .0014
 .0960 .1954 .2160 .1708 .1091 .0584 .0281 .0125 .0078 .0087 .0150 .0186 .0176 .0137 .0105 .0063 .0037 .0021 .0014 .0014 .0014
 .0672 .1730 .2276 .2040 .1415 .0809 .0411 .0177 .0082 .0048 .0057 .0072 .0069 .0054 .0034 .0024 .0016 .0014 .0014 .0014 .0014
 .0961 .2214 .2559 .1990 .1186 .0578 .0241 .0088 .0036 .0024 .0024 .0025 .0025 .0018 .0014 .0014 .0014 .0014 .0014 .0014 .0014
 .0936 .1931 .2113 .1645 .1024 .0541 .0259 .0115 .0074 .0102 .0171 .0230 .0229 .0187 .0135 .0093 .0066 .0038 .0021 .0016 .0014
 .0673 .1731 .2306 .2055 .1431 .0842 .0416 .0184 .0081 .0043 .0047 .0054 .0054 .0042 .0023 .0014 .0014 .0014 .0014 .0014 .0014
 .0980 .2233 .2594 .1987 .1177 .0563 .0236 .0088 .0032 .0017 .0019 .0021 .0021 .0014 .0014 .0014 .0014 .0014 .0014 .0014 .0014
 .0956 .1957 .2178 .1692 .1074 .0571 .0268 .0122 .0070 .0087 .0157 .0215 .0213 .0155 .0104 .0050 .0026 .0020 .0015 .0014 .0014
 .0665 .1742 .2272 .2053 .1429 .0821 .0397 .0173 .0080 .0047 .0055 .0070 .0066 .0052 .0032 .0022 .0017 .0015 .0014 .0014 .0014
 .0983 .2221 .2580 .1994 .1185 .0560 .0232 .0084 .0032 .0021 .0024 .0028 .0020 .0014 .0014 .0014 .0014 .0014 .0014 .0014 .0014
 .0891 .1851 .2060 .1641 .1039 .0558 .0258 .0117 .0068 .0102 .0176 .0240 .0257 .0228 .0166 .0114 .0070 .0036 .0023 .0014 .0014
  2013050500  has been     added 
  2013050400  has been     added
  2013050300  has been     added
  2013050200  has been     added
  2013050100  has been     added
  2013043000  has been     added
  2013042900  has been     added
  2013042800  has been     added
  2013042700  has been     added
  2013042600  has been     added
  2013042500  has been     added
  2013042400  has been not added
  2013042400  has been     added
  2013042300  has been     added
  2013042200  has been     added
  2013042100  has been     added
  2013042000  has been     added
  2013041900  has been     added
  2013041800  has been     added
  2013041700  has been     added
  2013041600  has been     added
  2013041500  has been     added
  2013041400  has been     added
  2013041300  has been     added
  2013041200  has been     added
  2013041100  has been     added
  2013041000  has been     added
  2013040900  has been     added
  2013040800  has been     added
  2013040700  has been     added
  2013040600  has been     added
  2013040500  has been     added
  2013040400  has been     added
  2013040300  has been     added
  2013040200  has been     added
  2013040100  has been     added
  2013033100  has been     added
  2013033000  has been     added
  2013032900  has been     added
  2013032800  has been     added
  2013032700  has been     added
  2013032600  has been     added
  2013032500  has been     added
  2013032400  has been     added
  2013032300  has been     added
