  Updated to 2013012500
 .0001 .0000 .0008 .0014 .0014 .0014 .0023 .0045 .0099 .0198 .0352 .0490 .0571 .0606 .0605 .0617 .0626 .0657 .0692 .0856 .3544
 .0000 .0000 .0006 .0014 .0015 .0029 .0050 .0098 .0181 .0312 .0500 .0652 .0737 .0747 .0734 .0708 .0669 .0657 .0645 .0695 .2569
 .0001 .0006 .0014 .0018 .0042 .0084 .0159 .0259 .0391 .0556 .0728 .0829 .0844 .0791 .0699 .0607 .0524 .0453 .0389 .0396 .2139
 .0000 .0002 .0010 .0014 .0014 .0019 .0035 .0062 .0122 .0247 .0412 .0561 .0668 .0674 .0670 .0693 .0678 .0686 .0727 .0853 .2888
 .0000 .0004 .0014 .0014 .0024 .0045 .0083 .0148 .0246 .0400 .0589 .0745 .0809 .0806 .0764 .0718 .0670 .0612 .0573 .0583 .2166
 .0000 .0008 .0014 .0022 .0051 .0099 .0179 .0285 .0424 .0597 .0749 .0857 .0849 .0771 .0672 .0582 .0474 .0416 .0354 .0380 .2137
 .0000 .0006 .0014 .0014 .0019 .0031 .0060 .0109 .0188 .0328 .0507 .0662 .0748 .0761 .0755 .0733 .0705 .0691 .0685 .0743 .2264
 .0000 .0008 .0014 .0018 .0043 .0083 .0145 .0229 .0351 .0510 .0705 .0845 .0878 .0840 .0776 .0683 .0600 .0545 .0468 .0460 .1812
 .0000 .0011 .0017 .0033 .0070 .0133 .0224 .0336 .0486 .0652 .0794 .0871 .0851 .0759 .0659 .0549 .0456 .0382 .0324 .0350 .1973
 .0001 .0013 .0014 .0021 .0035 .0064 .0109 .0186 .0282 .0440 .0616 .0787 .0832 .0838 .0803 .0732 .0675 .0620 .0584 .0578 .1788
 .0003 .0014 .0018 .0040 .0084 .0142 .0227 .0343 .0494 .0646 .0813 .0908 .0918 .0830 .0714 .0614 .0502 .0419 .0367 .0346 .1573
 .0000 .0012 .0018 .0045 .0096 .0166 .0278 .0413 .0561 .0708 .0836 .0889 .0840 .0740 .0619 .0505 .0402 .0332 .0296 .0323 .1837
 .0004 .0014 .0021 .0038 .0072 .0121 .0191 .0284 .0414 .0587 .0751 .0888 .0913 .0857 .0780 .0673 .0592 .0529 .0461 .0428 .1390
 .0011 .0015 .0037 .0074 .0148 .0236 .0358 .0497 .0636 .0784 .0886 .0926 .0883 .0756 .0618 .0508 .0396 .0326 .0285 .0293 .1331
 .0001 .0014 .0027 .0066 .0140 .0242 .0381 .0516 .0660 .0809 .0874 .0892 .0821 .0682 .0548 .0436 .0340 .0283 .0257 .0311 .1625
 .0012 .0018 .0032 .0073 .0131 .0215 .0312 .0430 .0572 .0719 .0866 .0927 .0908 .0818 .0708 .0578 .0495 .0403 .0336 .0325 .1133
 .0014 .0026 .0067 .0142 .0246 .0370 .0508 .0651 .0772 .0870 .0916 .0889 .0786 .0654 .0505 .0386 .0308 .0243 .0228 .0258 .1163
 .0004 .0014 .0041 .0098 .0188 .0318 .0466 .0619 .0749 .0828 .0894 .0861 .0759 .0618 .0483 .0374 .0298 .0245 .0237 .0293 .1531
 .0014 .0025 .0066 .0126 .0235 .0342 .0478 .0603 .0747 .0836 .0919 .0909 .0850 .0722 .0594 .0466 .0367 .0300 .0263 .0259 .0894
 .0015 .0053 .0123 .0237 .0384 .0536 .0679 .0808 .0871 .0887 .0873 .0790 .0675 .0523 .0395 .0295 .0233 .0207 .0196 .0244 .0978
 .0010 .0024 .0066 .0147 .0291 .0431 .0599 .0736 .0834 .0863 .0865 .0796 .0678 .0525 .0399 .0304 .0246 .0215 .0212 .0286 .1397
 .0014 .0043 .0116 .0224 .0360 .0495 .0639 .0764 .0842 .0890 .0904 .0844 .0738 .0599 .0464 .0369 .0286 .0225 .0202 .0235 .0751
 .0021 .0087 .0203 .0365 .0547 .0712 .0846 .0913 .0910 .0860 .0776 .0654 .0533 .0407 .0303 .0235 .0193 .0179 .0189 .0229 .0842
 .0014 .0034 .0096 .0215 .0372 .0546 .0708 .0824 .0867 .0858 .0800 .0697 .0579 .0442 .0330 .0270 .0216 .0204 .0212 .0301 .1349
 .0020 .0077 .0193 .0352 .0516 .0668 .0811 .0885 .0916 .0890 .0838 .0747 .0615 .0487 .0367 .0278 .0211 .0182 .0170 .0203 .0580
 .0035 .0138 .0308 .0524 .0716 .0873 .0955 .0946 .0896 .0787 .0674 .0542 .0425 .0328 .0254 .0200 .0176 .0167 .0173 .0227 .0656
 .0015 .0052 .0152 .0313 .0491 .0686 .0831 .0903 .0913 .0841 .0745 .0629 .0495 .0379 .0282 .0228 .0194 .0192 .0209 .0279 .1093
 .0031 .0129 .0292 .0496 .0686 .0851 .0941 .0959 .0913 .0841 .0728 .0621 .0495 .0381 .0273 .0212 .0176 .0156 .0159 .0197 .0461
 .0054 .0197 .0433 .0690 .0904 .1023 .1012 .0946 .0824 .0682 .0545 .0446 .0337 .0269 .0212 .0176 .0163 .0163 .0172 .0220 .0528
 .0017 .0081 .0214 .0413 .0629 .0814 .0922 .0943 .0867 .0759 .0643 .0529 .0413 .0325 .0247 .0204 .0186 .0193 .0220 .0298 .0997
 .0047 .0194 .0415 .0666 .0879 .1020 .1042 .0991 .0872 .0736 .0607 .0483 .0394 .0308 .0232 .0182 .0152 .0141 .0146 .0167 .0331
 .0075 .0287 .0577 .0878 .1061 .1122 .1067 .0905 .0735 .0566 .0450 .0355 .0286 .0228 .0188 .0170 .0158 .0160 .0168 .0188 .0369
 .0026 .0128 .0311 .0566 .0802 .0969 .1012 .0968 .0835 .0683 .0555 .0451 .0357 .0278 .0224 .0188 .0180 .0182 .0217 .0264 .0723
 .0071 .0270 .0553 .0840 .1042 .1115 .1083 .0950 .0792 .0632 .0506 .0406 .0315 .0242 .0193 .0157 .0143 .0137 .0139 .0155 .0251
 .0107 .0384 .0745 .1058 .1221 .1211 .1040 .0826 .0619 .0451 .0342 .0282 .0241 .0203 .0175 .0165 .0162 .0149 .0161 .0173 .0284
 .0044 .0181 .0430 .0709 .0957 .1042 .1028 .0880 .0730 .0575 .0455 .0371 .0299 .0240 .0210 .0194 .0188 .0192 .0211 .0286 .0693
 .0097 .0354 .0705 .1030 .1202 .1198 .1099 .0901 .0705 .0530 .0410 .0326 .0257 .0204 .0165 .0147 .0136 .0124 .0121 .0131 .0157
 .0148 .0487 .0918 .1239 .1335 .1227 .0997 .0742 .0526 .0374 .0280 .0236 .0215 .0190 .0171 .0155 .0144 .0136 .0137 .0150 .0192
 .0063 .0263 .0572 .0880 .1078 .1115 .1011 .0822 .0643 .0479 .0375 .0324 .0272 .0223 .0195 .0189 .0188 .0184 .0201 .0257 .0583
 .0130 .0452 .0881 .1215 .1331 .1263 .1046 .0813 .0587 .0425 .0320 .0258 .0222 .0184 .0161 .0144 .0132 .0122 .0111 .0098 .0111
 .0194 .0609 .1112 .1391 .1418 .1220 .0952 .0642 .0414 .0286 .0224 .0196 .0190 .0180 .0167 .0150 .0144 .0134 .0123 .0127 .0132
 .0099 .0366 .0740 .1053 .1197 .1145 .0950 .0722 .0501 .0366 .0306 .0270 .0260 .0235 .0211 .0213 .0213 .0214 .0232 .0250 .0379
 .0171 .0576 .1053 .1364 .1457 .1273 .1008 .0734 .0494 .0331 .0255 .0207 .0184 .0165 .0149 .0132 .0114 .0099 .0089 .0076 .0069
 .0242 .0755 .1274 .1532 .1460 .1194 .0860 .0560 .0350 .0236 .0184 .0189 .0182 .0172 .0154 .0133 .0118 .0119 .0103 .0096 .0081
 .0152 .0535 .0952 .1251 .1288 .1126 .0861 .0605 .0397 .0280 .0258 .0259 .0246 .0224 .0213 .0196 .0204 .0201 .0186 .0192 .0285
 .0219 .0701 .1224 .1518 .1490 .1258 .0928 .0622 .0402 .0258 .0209 .0190 .0178 .0156 .0134 .0127 .0106 .0091 .0077 .0069 .0044
 .0284 .0887 .1439 .1656 .1493 .1146 .0770 .0482 .0277 .0186 .0163 .0162 .0175 .0162 .0148 .0137 .0117 .0100 .0089 .0070 .0058
 .0226 .0686 .1161 .1361 .1288 .1047 .0752 .0490 .0316 .0229 .0221 .0246 .0255 .0246 .0228 .0218 .0217 .0201 .0180 .0170 .0182
 .0245 .0785 .1336 .1634 .1554 .1258 .0889 .0577 .0345 .0221 .0176 .0163 .0156 .0138 .0123 .0107 .0088 .0070 .0060 .0049 .0025
 .0322 .0974 .1541 .1735 .1545 .1134 .0752 .0443 .0258 .0163 .0139 .0148 .0152 .0152 .0127 .0109 .0092 .0076 .0061 .0052 .0030
 .0238 .0739 .1220 .1443 .1349 .1076 .0763 .0489 .0305 .0216 .0206 .0239 .0236 .0236 .0213 .0204 .0176 .0160 .0142 .0124 .0147
 .0291 .0902 .1478 .1733 .1573 .1216 .0814 .0498 .0287 .0181 .0147 .0148 .0148 .0133 .0117 .0098 .0075 .0064 .0046 .0033 .0017
 .0375 .1098 .1683 .1805 .1531 .1087 .0676 .0386 .0206 .0132 .0119 .0133 .0153 .0143 .0123 .0098 .0078 .0065 .0054 .0039 .0016
 .0298 .0862 .1342 .1488 .1339 .1004 .0686 .0422 .0255 .0186 .0196 .0233 .0253 .0244 .0228 .0197 .0166 .0158 .0131 .0122 .0115
 .0339 .1016 .1631 .1807 .1593 .1177 .0741 .0429 .0231 .0144 .0123 .0133 .0137 .0125 .0111 .0083 .0060 .0052 .0035 .0020 .0015
 .0430 .1231 .1842 .1877 .1514 .1031 .0610 .0330 .0174 .0111 .0106 .0130 .0135 .0113 .0102 .0083 .0065 .0046 .0032 .0024 .0017
 .0361 .1003 .1504 .1568 .1330 .0957 .0603 .0348 .0209 .0168 .0195 .0233 .0255 .0238 .0210 .0175 .0153 .0126 .0117 .0095 .0073
 .0381 .1116 .1722 .1884 .1595 .1119 .0682 .0377 .0196 .0119 .0119 .0128 .0130 .0121 .0104 .0076 .0055 .0041 .0025 .0014 .0014
 .0486 .1349 .1933 .1934 .1486 .0978 .0549 .0278 .0138 .0087 .0096 .0111 .0125 .0119 .0097 .0082 .0056 .0039 .0031 .0015 .0016
 .0406 .1099 .1595 .1634 .1309 .0915 .0550 .0312 .0178 .0149 .0177 .0218 .0240 .0230 .0205 .0183 .0161 .0127 .0100 .0073 .0059
 .0414 .1213 .1837 .1936 .1577 .1080 .0636 .0330 .0174 .0105 .0104 .0112 .0119 .0105 .0084 .0060 .0050 .0028 .0017 .0016 .0014
 .0548 .1462 .2045 .1979 .1468 .0931 .0497 .0242 .0114 .0075 .0084 .0104 .0108 .0104 .0084 .0057 .0041 .0026 .0018 .0016 .0014
 .0509 .1271 .1736 .1680 .1292 .0858 .0484 .0255 .0148 .0129 .0168 .0218 .0236 .0216 .0187 .0152 .0121 .0093 .0074 .0053 .0044
 .0464 .1331 .1933 .1979 .1548 .1016 .0577 .0290 .0149 .0091 .0089 .0104 .0108 .0101 .0076 .0057 .0040 .0023 .0015 .0014 .0014
 .0597 .1581 .2132 .1983 .1430 .0868 .0449 .0210 .0093 .0067 .0080 .0104 .0107 .0096 .0073 .0049 .0035 .0026 .0016 .0015 .0014
 .0616 .1424 .1813 .1670 .1221 .0766 .0427 .0214 .0121 .0115 .0164 .0221 .0236 .0219 .0182 .0154 .0119 .0090 .0070 .0053 .0027
 .0531 .1428 .2039 .1972 .1510 .0952 .0525 .0266 .0133 .0076 .0086 .0101 .0098 .0093 .0068 .0047 .0028 .0021 .0018 .0014 .0014
 .0666 .1696 .2202 .2000 .1402 .0816 .0415 .0189 .0088 .0058 .0071 .0085 .0089 .0076 .0057 .0039 .0019 .0016 .0015 .0015 .0014
 .0747 .1603 .1907 .1650 .1162 .0696 .0364 .0185 .0106 .0107 .0158 .0219 .0226 .0202 .0165 .0129 .0098 .0067 .0055 .0043 .0033
 .0560 .1523 .2097 .2004 .1491 .0903 .0481 .0233 .0111 .0072 .0080 .0100 .0099 .0079 .0061 .0040 .0027 .0017 .0016 .0014 .0014
 .0718 .1780 .2273 .1984 .1365 .0762 .0375 .0163 .0074 .0057 .0074 .0086 .0088 .0069 .0054 .0036 .0021 .0015 .0014 .0014 .0014
 .0814 .1727 .1993 .1632 .1082 .0624 .0322 .0154 .0092 .0114 .0178 .0213 .0222 .0200 .0156 .0119 .0093 .0068 .0053 .0037 .0023
 .0593 .1562 .2151 .2019 .1487 .0885 .0445 .0212 .0102 .0063 .0079 .0096 .0098 .0077 .0057 .0034 .0019 .0016 .0015 .0014 .0014
 .0786 .1882 .2322 .1996 .1316 .0718 .0350 .0155 .0070 .0046 .0055 .0074 .0072 .0057 .0042 .0029 .0014 .0014 .0014 .0014 .0014
 .0901 .1836 .2037 .1630 .1061 .0583 .0292 .0142 .0083 .0097 .0156 .0217 .0231 .0199 .0144 .0112 .0082 .0052 .0040 .0018 .0014
 .0620 .1627 .2212 .2028 .1451 .0844 .0431 .0195 .0098 .0063 .0075 .0091 .0082 .0066 .0047 .0030 .0020 .0014 .0014 .0014 .0014
 .0809 .1928 .2344 .1986 .1295 .0694 .0335 .0139 .0064 .0049 .0057 .0067 .0071 .0060 .0042 .0028 .0014 .0014 .0014 .0014 .0014
 .0941 .1876 .2071 .1606 .1028 .0566 .0278 .0127 .0080 .0104 .0163 .0213 .0214 .0180 .0140 .0108 .0081 .0063 .0043 .0020 .0014
 .0647 .1684 .2234 .2042 .1430 .0825 .0412 .0186 .0082 .0061 .0067 .0087 .0082 .0062 .0044 .0026 .0017 .0014 .0014 .0014 .0014
 .0822 .1940 .2405 .1993 .1307 .0691 .0324 .0132 .0054 .0038 .0045 .0058 .0061 .0048 .0036 .0022 .0014 .0014 .0014 .0014 .0014
 .0965 .1910 .2071 .1616 .1038 .0559 .0276 .0131 .0078 .0102 .0156 .0208 .0218 .0177 .0135 .0104 .0074 .0051 .0032 .0014 .0014
 .0689 .1760 .2270 .2032 .1396 .0797 .0391 .0180 .0078 .0054 .0063 .0074 .0074 .0058 .0034 .0021 .0014 .0014 .0014 .0014 .0014
 .0818 .1996 .2426 .2002 .1284 .0676 .0304 .0119 .0052 .0036 .0048 .0057 .0058 .0043 .0032 .0020 .0014 .0014 .0014 .0014 .0014
 .0998 .1946 .2075 .1619 .1017 .0544 .0251 .0115 .0065 .0093 .0159 .0209 .0211 .0180 .0136 .0097 .0072 .0051 .0041 .0023 .0014
 .0712 .1805 .2328 .2038 .1380 .0762 .0369 .0157 .0071 .0052 .0066 .0071 .0068 .0051 .0031 .0017 .0014 .0014 .0014 .0014 .0014
 .0882 .2042 .2448 .2002 .1258 .0644 .0285 .0113 .0045 .0031 .0038 .0049 .0051 .0042 .0032 .0015 .0014 .0014 .0014 .0014 .0014
 .1049 .2003 .2104 .1613 .1003 .0516 .0238 .0112 .0066 .0091 .0148 .0198 .0209 .0183 .0140 .0099 .0064 .0041 .0029 .0014 .0014
 .0735 .1842 .2349 .2057 .1372 .0760 .0344 .0153 .0064 .0048 .0052 .0062 .0059 .0039 .0024 .0016 .0015 .0014 .0014 .0014 .0014
 .0924 .2112 .2451 .1973 .1220 .0612 .0270 .0111 .0044 .0030 .0040 .0048 .0047 .0043 .0027 .0015 .0014 .0014 .0014 .0014 .0014
 .1103 .2045 .2106 .1584 .0952 .0494 .0224 .0104 .0061 .0088 .0156 .0207 .0219 .0181 .0134 .0095 .0067 .0043 .0029 .0014 .0014
 .0769 .1867 .2381 .2047 .1347 .0732 .0342 .0142 .0062 .0047 .0052 .0056 .0051 .0041 .0025 .0014 .0014 .0014 .0014 .0014 .0014
 .0947 .2133 .2480 .1968 .1207 .0608 .0260 .0103 .0039 .0026 .0037 .0044 .0048 .0037 .0026 .0014 .0014 .0014 .0014 .0014 .0014
 .1137 .2085 .2123 .1584 .0952 .0485 .0220 .0098 .0061 .0098 .0160 .0198 .0223 .0177 .0119 .0080 .0055 .0035 .0014 .0014 .0014
 .0781 .1894 .2417 .2038 .1336 .0727 .0336 .0142 .0057 .0038 .0048 .0051 .0049 .0033 .0019 .0014 .0014 .0014 .0014 .0014 .0014
 .0907 .2107 .2495 .1983 .1240 .0601 .0262 .0097 .0041 .0027 .0038 .0046 .0044 .0037 .0031 .0019 .0014 .0014 .0014 .0014 .0014
 .1091 .2083 .2142 .1563 .0940 .0479 .0224 .0095 .0060 .0093 .0154 .0203 .0209 .0175 .0134 .0092 .0073 .0046 .0032 .0020 .0014
  2013012500  has been     added 
  2013012400  has been     added
  2013012300  has been     added
  2013012200  has been     added
  2013012100  has been     added
  2013012000  has been     added
  2013011900  has been     added
  2013011800  has been     added
  2013011700  has been     added
  2013011600  has been     added
  2013011500  has been     added
  2013011400  has been     added
  2013011300  has been     added
  2013011200  has been     added
  2013011100  has been     added
  2013011000  has been     added
  2013010900  has been     added
  2013010800  has been     added
  2013010700  has been     added
  2013010600  has been     added
  2013010500  has been     added
  2013010400  has been     added
  2013010300  has been     added
  2013010200  has been     added
  2013010100  has been     added
  2012123100  has been     added
  2012123000  has been     added
  2012122900  has been     added
  2012122800  has been     added
  2012122700  has been     added
  2012122600  has been     added
  2012122500  has been     added
  2012122400  has been     added
  2012122300  has been     added
  2012122200  has been     added
  2012122100  has been     added
  2012122000  has been     added
  2012121900  has been     added
  2012121800  has been not added
  2012121800  has been     added
  2012121700  has been     added
  2012121600  has been     added
  2012121500  has been     added
  2012121300  has been     added
  2012121200  has been     added
