  Updated to 2013010300
 .0001 .0000 .0008 .0014 .0014 .0014 .0024 .0049 .0104 .0210 .0352 .0488 .0576 .0594 .0603 .0599 .0614 .0641 .0690 .0841 .3592
 .0000 .0000 .0006 .0014 .0015 .0021 .0037 .0074 .0151 .0277 .0463 .0626 .0703 .0739 .0723 .0709 .0696 .0675 .0689 .0764 .2644
 .0001 .0006 .0014 .0022 .0051 .0103 .0186 .0298 .0448 .0617 .0796 .0893 .0900 .0825 .0719 .0615 .0529 .0445 .0393 .0388 .1680
 .0000 .0002 .0010 .0014 .0014 .0019 .0036 .0063 .0131 .0247 .0422 .0563 .0651 .0660 .0676 .0678 .0666 .0681 .0718 .0843 .2936
 .0000 .0004 .0014 .0014 .0019 .0037 .0064 .0124 .0216 .0358 .0556 .0738 .0796 .0812 .0755 .0734 .0688 .0650 .0623 .0641 .2179
 .0000 .0008 .0015 .0026 .0060 .0117 .0207 .0322 .0477 .0652 .0809 .0907 .0897 .0803 .0684 .0593 .0478 .0412 .0353 .0373 .1723
 .0000 .0006 .0014 .0014 .0017 .0031 .0060 .0107 .0188 .0330 .0506 .0661 .0754 .0764 .0744 .0731 .0699 .0694 .0687 .0730 .2282
 .0000 .0008 .0014 .0018 .0033 .0066 .0117 .0192 .0313 .0477 .0677 .0821 .0879 .0862 .0803 .0724 .0639 .0577 .0514 .0500 .1780
 .0000 .0011 .0017 .0040 .0077 .0151 .0253 .0383 .0541 .0710 .0848 .0919 .0899 .0793 .0681 .0561 .0462 .0379 .0313 .0329 .1556
 .0001 .0013 .0014 .0020 .0032 .0060 .0108 .0179 .0281 .0435 .0619 .0793 .0837 .0830 .0786 .0726 .0670 .0619 .0581 .0581 .1835
 .0003 .0014 .0016 .0034 .0067 .0119 .0189 .0303 .0445 .0624 .0793 .0914 .0937 .0861 .0752 .0645 .0540 .0466 .0401 .0370 .1527
 .0000 .0012 .0019 .0049 .0108 .0188 .0309 .0455 .0605 .0764 .0889 .0936 .0869 .0752 .0625 .0492 .0396 .0327 .0288 .0301 .1537
 .0004 .0014 .0017 .0032 .0065 .0113 .0182 .0281 .0412 .0590 .0741 .0882 .0911 .0855 .0770 .0688 .0600 .0519 .0454 .0432 .1436
 .0011 .0015 .0032 .0062 .0121 .0208 .0317 .0449 .0604 .0758 .0881 .0962 .0918 .0807 .0662 .0544 .0435 .0351 .0301 .0295 .1280
 .0001 .0014 .0028 .0070 .0145 .0260 .0396 .0551 .0702 .0856 .0918 .0933 .0851 .0697 .0560 .0441 .0343 .0274 .0244 .0280 .1355
 .0012 .0016 .0032 .0067 .0121 .0207 .0298 .0416 .0568 .0706 .0859 .0937 .0911 .0813 .0709 .0586 .0489 .0398 .0336 .0331 .1203
 .0014 .0025 .0058 .0127 .0217 .0331 .0461 .0606 .0735 .0856 .0933 .0933 .0828 .0698 .0548 .0433 .0333 .0267 .0241 .0262 .1106
 .0004 .0014 .0043 .0100 .0197 .0330 .0488 .0648 .0785 .0878 .0922 .0891 .0787 .0620 .0492 .0387 .0289 .0241 .0230 .0279 .1289
 .0014 .0021 .0063 .0119 .0215 .0329 .0466 .0594 .0726 .0842 .0924 .0911 .0847 .0728 .0598 .0464 .0368 .0301 .0258 .0267 .0956
 .0015 .0044 .0105 .0207 .0345 .0490 .0637 .0765 .0863 .0906 .0916 .0846 .0716 .0573 .0432 .0315 .0244 .0213 .0196 .0245 .0928
 .0010 .0023 .0069 .0152 .0296 .0453 .0637 .0776 .0878 .0916 .0908 .0824 .0680 .0529 .0404 .0298 .0235 .0205 .0200 .0268 .1165
 .0014 .0039 .0107 .0207 .0343 .0467 .0615 .0752 .0830 .0894 .0906 .0870 .0739 .0605 .0470 .0370 .0282 .0227 .0210 .0239 .0817
 .0021 .0072 .0180 .0332 .0496 .0661 .0807 .0897 .0922 .0893 .0822 .0707 .0571 .0443 .0335 .0254 .0210 .0185 .0189 .0233 .0779
 .0014 .0037 .0099 .0223 .0389 .0571 .0739 .0876 .0916 .0908 .0843 .0737 .0588 .0456 .0343 .0267 .0216 .0198 .0204 .0287 .1027
 .0019 .0070 .0170 .0327 .0498 .0657 .0806 .0881 .0920 .0891 .0848 .0747 .0625 .0481 .0367 .0285 .0221 .0191 .0186 .0220 .0604
 .0028 .0120 .0274 .0476 .0664 .0831 .0932 .0960 .0922 .0836 .0710 .0589 .0466 .0351 .0275 .0212 .0178 .0163 .0176 .0217 .0623
 .0015 .0051 .0155 .0318 .0521 .0724 .0879 .0965 .0950 .0881 .0769 .0639 .0504 .0376 .0277 .0217 .0188 .0180 .0198 .0264 .0854
 .0025 .0115 .0275 .0477 .0664 .0833 .0932 .0950 .0915 .0846 .0729 .0625 .0498 .0384 .0284 .0227 .0191 .0167 .0175 .0207 .0489
 .0044 .0176 .0396 .0631 .0847 .0974 .1017 .0971 .0865 .0739 .0592 .0482 .0366 .0283 .0224 .0186 .0163 .0161 .0169 .0217 .0490
 .0017 .0084 .0222 .0436 .0672 .0862 .0993 .0998 .0918 .0805 .0671 .0543 .0423 .0327 .0238 .0197 .0179 .0177 .0199 .0261 .0695
 .0041 .0176 .0396 .0643 .0855 .0999 .1036 .0992 .0880 .0754 .0627 .0500 .0396 .0313 .0234 .0187 .0159 .0147 .0153 .0174 .0341
 .0066 .0255 .0532 .0817 .1009 .1111 .1091 .0943 .0787 .0598 .0497 .0385 .0304 .0239 .0196 .0169 .0152 .0151 .0162 .0178 .0355
 .0028 .0134 .0330 .0594 .0843 .1033 .1056 .1006 .0870 .0701 .0576 .0456 .0352 .0269 .0209 .0176 .0158 .0164 .0186 .0223 .0549
 .0061 .0242 .0516 .0812 .1016 .1104 .1074 .0971 .0812 .0639 .0517 .0408 .0319 .0249 .0195 .0166 .0158 .0150 .0152 .0169 .0269
 .0094 .0360 .0699 .1003 .1181 .1187 .1069 .0872 .0670 .0495 .0369 .0301 .0248 .0210 .0176 .0165 .0155 .0142 .0152 .0165 .0285
 .0044 .0197 .0470 .0767 .1016 .1101 .1084 .0943 .0765 .0587 .0449 .0368 .0283 .0228 .0191 .0180 .0171 .0171 .0189 .0230 .0482
 .0085 .0324 .0665 .0995 .1182 .1206 .1106 .0922 .0721 .0539 .0407 .0322 .0261 .0214 .0176 .0158 .0147 .0133 .0124 .0138 .0177
 .0136 .0451 .0858 .1181 .1308 .1239 .1032 .0803 .0567 .0402 .0298 .0251 .0222 .0193 .0168 .0155 .0142 .0127 .0135 .0143 .0191
 .0070 .0289 .0627 .0968 .1168 .1203 .1066 .0863 .0652 .0486 .0370 .0302 .0252 .0214 .0185 .0172 .0168 .0159 .0166 .0190 .0347
 .0114 .0416 .0830 .1173 .1305 .1253 .1061 .0820 .0609 .0425 .0326 .0270 .0232 .0197 .0172 .0154 .0143 .0126 .0120 .0120 .0139
 .0173 .0564 .1011 .1317 .1395 .1235 .0995 .0712 .0470 .0318 .0246 .0207 .0193 .0183 .0161 .0150 .0142 .0134 .0126 .0128 .0141
 .0101 .0385 .0768 .1114 .1269 .1200 .1004 .0759 .0523 .0373 .0300 .0263 .0247 .0223 .0201 .0198 .0189 .0186 .0187 .0186 .0241
 .0151 .0526 .0997 .1325 .1425 .1293 .1026 .0749 .0494 .0342 .0263 .0219 .0197 .0182 .0162 .0140 .0126 .0107 .0101 .0089 .0083
 .0217 .0688 .1193 .1479 .1461 .1226 .0900 .0604 .0386 .0254 .0199 .0195 .0195 .0174 .0155 .0139 .0121 .0113 .0102 .0102 .0089
 .0164 .0556 .1016 .1307 .1342 .1167 .0903 .0625 .0413 .0289 .0249 .0234 .0228 .0209 .0197 .0180 .0172 .0166 .0158 .0163 .0167
 .0189 .0626 .1157 .1473 .1482 .1268 .0952 .0646 .0422 .0276 .0216 .0201 .0184 .0167 .0151 .0134 .0118 .0108 .0091 .0081 .0060
 .0263 .0837 .1373 .1606 .1492 .1173 .0811 .0506 .0306 .0196 .0170 .0179 .0183 .0174 .0149 .0136 .0119 .0104 .0093 .0074 .0063
 .0245 .0733 .1207 .1424 .1353 .1081 .0783 .0510 .0318 .0223 .0211 .0241 .0243 .0231 .0205 .0183 .0174 .0161 .0150 .0132 .0107
 .0226 .0726 .1279 .1591 .1548 .1279 .0907 .0598 .0369 .0239 .0178 .0171 .0166 .0148 .0130 .0115 .0097 .0078 .0066 .0062 .0031
 .0299 .0914 .1482 .1694 .1540 .1162 .0787 .0473 .0281 .0176 .0151 .0155 .0155 .0154 .0130 .0117 .0096 .0081 .0066 .0053 .0035
 .0265 .0802 .1317 .1550 .1432 .1135 .0789 .0492 .0301 .0202 .0191 .0208 .0205 .0193 .0172 .0153 .0137 .0116 .0106 .0092 .0055
 .0259 .0832 .1401 .1674 .1558 .1236 .0850 .0532 .0312 .0204 .0165 .0158 .0161 .0149 .0127 .0102 .0084 .0074 .0058 .0043 .0019
 .0349 .1040 .1610 .1761 .1533 .1115 .0714 .0417 .0224 .0144 .0132 .0143 .0155 .0148 .0133 .0108 .0085 .0075 .0058 .0043 .0024
 .0299 .0881 .1413 .1571 .1406 .1068 .0728 .0444 .0259 .0184 .0185 .0211 .0229 .0216 .0189 .0158 .0136 .0131 .0103 .0075 .0042
 .0305 .0959 .1573 .1779 .1581 .1195 .0773 .0465 .0259 .0159 .0137 .0140 .0144 .0131 .0112 .0086 .0067 .0056 .0036 .0024 .0014
 .0404 .1155 .1759 .1845 .1540 .1064 .0654 .0356 .0198 .0118 .0114 .0134 .0136 .0122 .0108 .0087 .0071 .0055 .0037 .0025 .0019
 .0381 .1046 .1557 .1644 .1386 .1007 .0641 .0371 .0219 .0166 .0187 .0213 .0220 .0202 .0171 .0143 .0116 .0094 .0070 .0056 .0031
 .0335 .1041 .1656 .1843 .1588 .1148 .0718 .0412 .0221 .0141 .0134 .0141 .0143 .0129 .0114 .0083 .0060 .0045 .0031 .0018 .0014
 .0438 .1268 .1853 .1893 .1504 .1016 .0602 .0314 .0160 .0102 .0105 .0125 .0132 .0124 .0102 .0084 .0064 .0046 .0038 .0023 .0014
 .0406 .1111 .1602 .1673 .1358 .0961 .0591 .0337 .0193 .0160 .0178 .0216 .0232 .0219 .0188 .0142 .0116 .0088 .0067 .0046 .0031
 .0372 .1140 .1787 .1904 .1597 .1106 .0672 .0360 .0194 .0119 .0114 .0126 .0127 .0113 .0091 .0067 .0049 .0031 .0016 .0015 .0014
 .0495 .1360 .1969 .1974 .1508 .0979 .0545 .0276 .0132 .0081 .0092 .0116 .0120 .0108 .0084 .0061 .0043 .0025 .0017 .0014 .0014
 .0521 .1305 .1766 .1715 .1344 .0898 .0520 .0279 .0156 .0129 .0168 .0203 .0206 .0192 .0161 .0126 .0086 .0063 .0042 .0028 .0014
 .0428 .1261 .1889 .1953 .1554 .1026 .0596 .0301 .0164 .0110 .0106 .0124 .0122 .0113 .0084 .0066 .0043 .0028 .0014 .0014 .0014
 .0548 .1484 .2058 .1970 .1464 .0924 .0496 .0242 .0112 .0076 .0088 .0111 .0112 .0098 .0078 .0051 .0038 .0023 .0015 .0014 .0014
 .0643 .1470 .1846 .1688 .1233 .0779 .0434 .0222 .0126 .0118 .0170 .0218 .0229 .0198 .0158 .0125 .0093 .0075 .0054 .0028 .0014
 .0497 .1378 .1984 .1960 .1525 .0982 .0555 .0283 .0141 .0087 .0093 .0112 .0108 .0098 .0075 .0050 .0032 .0016 .0015 .0014 .0014
 .0613 .1586 .2148 .1992 .1442 .0869 .0454 .0210 .0103 .0067 .0074 .0091 .0098 .0081 .0064 .0045 .0025 .0014 .0014 .0014 .0014
 .0770 .1616 .1942 .1667 .1178 .0718 .0380 .0189 .0106 .0107 .0156 .0215 .0216 .0191 .0148 .0115 .0079 .0056 .0039 .0014 .0014
 .0532 .1453 .2044 .1987 .1508 .0936 .0506 .0252 .0126 .0085 .0093 .0107 .0108 .0087 .0066 .0045 .0028 .0015 .0014 .0014 .0014
 .0677 .1676 .2204 .1968 .1417 .0816 .0414 .0187 .0093 .0066 .0076 .0087 .0089 .0075 .0057 .0042 .0025 .0017 .0014 .0014 .0014
 .0857 .1736 .1950 .1609 .1103 .0647 .0335 .0165 .0096 .0117 .0177 .0215 .0224 .0189 .0151 .0114 .0081 .0061 .0045 .0031 .0014
 .0557 .1517 .2106 .2034 .1500 .0922 .0481 .0234 .0115 .0070 .0081 .0101 .0095 .0070 .0050 .0031 .0015 .0014 .0014 .0014 .0014
 .0724 .1762 .2231 .1996 .1396 .0780 .0390 .0179 .0083 .0055 .0063 .0081 .0078 .0064 .0050 .0034 .0019 .0014 .0014 .0014 .0014
 .0916 .1805 .2003 .1614 .1086 .0608 .0320 .0153 .0093 .0099 .0157 .0220 .0227 .0181 .0142 .0105 .0081 .0047 .0033 .0014 .0014
 .0582 .1552 .2145 .2012 .1480 .0888 .0477 .0227 .0115 .0076 .0085 .0097 .0089 .0070 .0045 .0026 .0015 .0014 .0014 .0014 .0014
 .0725 .1813 .2276 .1997 .1360 .0760 .0375 .0162 .0073 .0053 .0064 .0075 .0074 .0064 .0050 .0035 .0020 .0016 .0014 .0014 .0014
 .0903 .1800 .2007 .1573 .1026 .0577 .0295 .0141 .0093 .0119 .0182 .0235 .0240 .0201 .0154 .0115 .0091 .0071 .0049 .0029 .0014
 .0614 .1613 .2192 .2046 .1468 .0883 .0448 .0211 .0095 .0065 .0064 .0079 .0074 .0056 .0040 .0024 .0014 .0014 .0014 .0014 .0014
 .0741 .1815 .2326 .2008 .1360 .0756 .0370 .0151 .0066 .0047 .0053 .0072 .0073 .0056 .0044 .0033 .0020 .0014 .0014 .0014 .0014
 .0925 .1825 .1995 .1580 .1031 .0569 .0286 .0134 .0078 .0105 .0179 .0243 .0257 .0204 .0159 .0127 .0089 .0070 .0043 .0014 .0014
 .0633 .1680 .2231 .2039 .1437 .0841 .0425 .0196 .0089 .0059 .0068 .0073 .0072 .0054 .0036 .0026 .0014 .0014 .0014 .0014 .0014
 .0775 .1880 .2347 .2004 .1318 .0725 .0340 .0142 .0062 .0046 .0058 .0064 .0064 .0056 .0041 .0029 .0018 .0014 .0014 .0014 .0014
 .0947 .1839 .1964 .1547 .0978 .0530 .0255 .0121 .0075 .0115 .0197 .0262 .0265 .0232 .0179 .0138 .0101 .0073 .0054 .0036 .0014
 .0672 .1728 .2277 .2055 .1426 .0822 .0402 .0171 .0077 .0052 .0058 .0068 .0063 .0047 .0032 .0020 .0014 .0014 .0014 .0014 .0014
 .0821 .1950 .2362 .1998 .1291 .0688 .0325 .0138 .0056 .0041 .0045 .0060 .0066 .0055 .0041 .0027 .0015 .0014 .0014 .0014 .0014
 .0998 .1859 .1972 .1521 .0942 .0512 .0246 .0115 .0073 .0114 .0188 .0276 .0290 .0242 .0194 .0141 .0098 .0067 .0042 .0014 .0014
 .0696 .1772 .2303 .2048 .1404 .0793 .0378 .0166 .0076 .0051 .0054 .0063 .0060 .0047 .0032 .0022 .0014 .0014 .0014 .0014 .0014
 .0871 .2010 .2385 .1952 .1238 .0660 .0305 .0128 .0052 .0039 .0052 .0059 .0066 .0064 .0042 .0029 .0024 .0014 .0014 .0014 .0014
 .1085 .1920 .1917 .1439 .0895 .0472 .0222 .0104 .0073 .0112 .0203 .0270 .0302 .0261 .0208 .0156 .0115 .0078 .0047 .0026 .0014
 .0730 .1813 .2358 .2049 .1376 .0755 .0360 .0156 .0063 .0048 .0049 .0062 .0054 .0042 .0028 .0017 .0014 .0014 .0014 .0014 .0014
 .0846 .1986 .2411 .1970 .1270 .0664 .0299 .0123 .0050 .0037 .0048 .0061 .0069 .0056 .0041 .0030 .0019 .0014 .0014 .0014 .0014
 .1039 .1888 .1928 .1461 .0899 .0463 .0219 .0100 .0072 .0128 .0225 .0304 .0338 .0273 .0196 .0148 .0107 .0067 .0035 .0014 .0014
 .0726 .1830 .2338 .2046 .1364 .0763 .0360 .0159 .0068 .0046 .0054 .0061 .0057 .0039 .0031 .0015 .0014 .0014 .0014 .0014 .0014
 .0827 .1991 .2400 .1979 .1277 .0659 .0299 .0123 .0054 .0037 .0048 .0065 .0061 .0050 .0044 .0034 .0025 .0014 .0014 .0014 .0014
 .0978 .1843 .1900 .1425 .0879 .0481 .0239 .0108 .0083 .0132 .0221 .0300 .0315 .0274 .0227 .0169 .0138 .0091 .0061 .0041 .0014
  2013010300  has been     added 
  2013010200  has been     added
  2013010100  has been     added
  2012123100  has been     added
  2012123000  has been     added
  2012122900  has been     added
  2012122800  has been     added
  2012122700  has been     added
  2012122600  has been     added
  2012122500  has been     added
  2012122400  has been     added
  2012122300  has been     added
  2012122200  has been     added
  2012122100  has been     added
  2012122000  has been     added
  2012121900  has been     added
  2012121800  has been not added
  2012121800  has been     added
  2012121700  has been     added
  2012121600  has been     added
  2012121500  has been     added
  2012121300  has been     added
  2012121200  has been     added
  2012121100  has been     added
  2012121000  has been     added
  2012120900  has been     added
  2012120800  has been     added
  2012120700  has been     added
  2012120600  has been     added
  2012120400  has been     added
  2012120300  has been     added
  2012120200  has been     added
  2012120100  has been     added
  2012113000  has been     added
  2012112900  has been     added
  2012112800  has been     added
  2012112700  has been     added
  2012112600  has been     added
  2012112500  has been     added
  2012112400  has been     added
  2012112300  has been     added
  2012112200  has been     added
  2012112100  has been     added
  2012112000  has been     added
  2012111900  has been     added
