  Updated to 2013032400
 .0001 .0000 .0008 .0014 .0014 .0014 .0018 .0035 .0082 .0181 .0315 .0468 .0540 .0567 .0578 .0589 .0599 .0624 .0669 .0824 .3899
 .0000 .0000 .0006 .0014 .0014 .0027 .0053 .0098 .0181 .0330 .0511 .0674 .0760 .0772 .0736 .0695 .0674 .0659 .0633 .0671 .2505
 .0001 .0006 .0014 .0014 .0025 .0063 .0119 .0201 .0328 .0518 .0699 .0851 .0902 .0840 .0759 .0659 .0574 .0508 .0440 .0430 .1986
 .0000 .0002 .0010 .0014 .0014 .0015 .0027 .0054 .0110 .0231 .0387 .0529 .0632 .0653 .0656 .0650 .0659 .0653 .0703 .0810 .3231
 .0000 .0004 .0014 .0016 .0028 .0052 .0090 .0157 .0263 .0424 .0621 .0778 .0836 .0817 .0772 .0691 .0645 .0589 .0558 .0565 .2088
 .0000 .0008 .0014 .0015 .0033 .0063 .0123 .0225 .0362 .0558 .0768 .0878 .0901 .0852 .0739 .0630 .0533 .0458 .0403 .0396 .1968
 .0000 .0006 .0014 .0014 .0015 .0024 .0046 .0092 .0167 .0300 .0472 .0630 .0715 .0726 .0721 .0690 .0677 .0668 .0662 .0724 .2666
 .0000 .0008 .0015 .0025 .0051 .0101 .0164 .0255 .0390 .0561 .0746 .0863 .0898 .0846 .0754 .0663 .0573 .0499 .0432 .0432 .1734
 .0000 .0011 .0014 .0018 .0045 .0095 .0166 .0289 .0435 .0624 .0799 .0921 .0913 .0833 .0718 .0598 .0503 .0424 .0355 .0360 .1813
 .0001 .0013 .0014 .0016 .0026 .0052 .0088 .0156 .0253 .0394 .0580 .0742 .0811 .0805 .0777 .0712 .0663 .0622 .0575 .0579 .2146
 .0003 .0014 .0023 .0057 .0106 .0176 .0266 .0392 .0535 .0689 .0843 .0913 .0905 .0817 .0692 .0590 .0482 .0398 .0346 .0333 .1428
 .0000 .0012 .0014 .0027 .0060 .0122 .0221 .0361 .0533 .0723 .0872 .0960 .0919 .0826 .0689 .0562 .0447 .0367 .0308 .0311 .1586
 .0004 .0014 .0014 .0027 .0053 .0092 .0156 .0238 .0355 .0521 .0691 .0826 .0873 .0828 .0761 .0689 .0609 .0524 .0472 .0460 .1804
 .0011 .0022 .0053 .0111 .0184 .0288 .0413 .0541 .0686 .0827 .0897 .0921 .0849 .0720 .0586 .0461 .0376 .0304 .0270 .0291 .1201
 .0001 .0014 .0019 .0043 .0094 .0180 .0303 .0463 .0634 .0803 .0922 .0968 .0891 .0752 .0621 .0483 .0388 .0305 .0266 .0285 .1486
 .0012 .0014 .0025 .0057 .0107 .0166 .0254 .0369 .0508 .0649 .0807 .0897 .0885 .0812 .0707 .0589 .0505 .0418 .0370 .0370 .1496
 .0014 .0043 .0103 .0188 .0313 .0437 .0566 .0702 .0801 .0872 .0897 .0864 .0745 .0611 .0472 .0374 .0292 .0243 .0223 .0262 .0985
 .0004 .0014 .0027 .0062 .0142 .0256 .0407 .0577 .0745 .0878 .0957 .0942 .0848 .0694 .0542 .0422 .0337 .0261 .0239 .0260 .1304
 .0014 .0021 .0052 .0100 .0179 .0269 .0382 .0513 .0645 .0764 .0865 .0913 .0836 .0729 .0603 .0489 .0406 .0333 .0299 .0313 .1292
 .0019 .0073 .0172 .0307 .0460 .0606 .0727 .0829 .0875 .0882 .0838 .0748 .0627 .0493 .0376 .0296 .0232 .0210 .0202 .0250 .0781
 .0010 .0015 .0044 .0102 .0218 .0356 .0535 .0721 .0863 .0951 .0972 .0903 .0771 .0592 .0453 .0353 .0267 .0222 .0198 .0250 .1134
 .0014 .0034 .0089 .0173 .0271 .0404 .0533 .0651 .0752 .0831 .0873 .0849 .0768 .0633 .0505 .0405 .0323 .0274 .0252 .0282 .1088
 .0032 .0122 .0278 .0450 .0631 .0772 .0870 .0907 .0895 .0823 .0727 .0620 .0514 .0395 .0298 .0245 .0204 .0186 .0192 .0233 .0601
 .0014 .0019 .0067 .0158 .0297 .0475 .0656 .0817 .0916 .0954 .0919 .0822 .0681 .0528 .0389 .0295 .0234 .0201 .0201 .0240 .1046
 .0018 .0063 .0149 .0263 .0398 .0544 .0677 .0772 .0827 .0844 .0845 .0765 .0659 .0533 .0425 .0320 .0255 .0223 .0218 .0274 .0926
 .0060 .0200 .0407 .0622 .0811 .0921 .0955 .0927 .0841 .0727 .0619 .0515 .0404 .0320 .0250 .0214 .0186 .0177 .0179 .0214 .0448
 .0014 .0035 .0106 .0232 .0421 .0619 .0799 .0922 .0977 .0942 .0863 .0731 .0583 .0444 .0325 .0243 .0198 .0181 .0184 .0241 .0859
 .0025 .0099 .0232 .0398 .0548 .0693 .0814 .0855 .0860 .0826 .0767 .0662 .0548 .0426 .0329 .0263 .0216 .0195 .0202 .0271 .0767
 .0087 .0294 .0541 .0806 .0964 .1036 .1006 .0902 .0775 .0634 .0514 .0418 .0341 .0268 .0226 .0185 .0167 .0167 .0163 .0177 .0326
 .0014 .0056 .0158 .0332 .0551 .0774 .0941 .0997 .0986 .0881 .0756 .0621 .0481 .0360 .0268 .0219 .0176 .0164 .0175 .0226 .0771
 .0043 .0146 .0324 .0528 .0706 .0842 .0895 .0908 .0847 .0766 .0667 .0554 .0454 .0347 .0280 .0228 .0187 .0181 .0200 .0252 .0644
 .0120 .0391 .0714 .0986 .1121 .1127 .1024 .0860 .0677 .0512 .0405 .0336 .0274 .0238 .0206 .0176 .0161 .0157 .0149 .0152 .0224
 .0019 .0082 .0239 .0466 .0723 .0949 .1057 .1065 .0962 .0817 .0659 .0515 .0390 .0290 .0223 .0180 .0158 .0158 .0171 .0203 .0590
 .0063 .0215 .0437 .0666 .0862 .0963 .0977 .0929 .0811 .0667 .0557 .0462 .0369 .0293 .0235 .0199 .0181 .0178 .0183 .0229 .0520
 .0168 .0510 .0917 .1175 .1262 .1174 .0960 .0754 .0549 .0403 .0319 .0277 .0243 .0222 .0200 .0172 .0150 .0133 .0131 .0124 .0157
 .0034 .0145 .0362 .0646 .0926 .1069 .1083 .1008 .0827 .0667 .0525 .0417 .0328 .0259 .0210 .0175 .0158 .0159 .0163 .0196 .0563
 .0082 .0293 .0575 .0829 .0997 .1057 .0995 .0878 .0721 .0584 .0471 .0390 .0309 .0262 .0208 .0185 .0171 .0175 .0183 .0222 .0420
 .0215 .0655 .1103 .1353 .1353 .1185 .0915 .0654 .0447 .0322 .0260 .0231 .0222 .0197 .0176 .0155 .0132 .0117 .0101 .0096 .0111
 .0048 .0218 .0509 .0830 .1075 .1165 .1082 .0906 .0709 .0559 .0436 .0345 .0279 .0228 .0192 .0170 .0149 .0151 .0160 .0207 .0499
 .0111 .0383 .0735 .1007 .1138 .1119 .0992 .0815 .0636 .0480 .0389 .0307 .0269 .0234 .0190 .0174 .0162 .0173 .0178 .0197 .0310
 .0278 .0813 .1292 .1485 .1426 .1148 .0848 .0557 .0369 .0246 .0207 .0198 .0205 .0185 .0171 .0142 .0115 .0098 .0082 .0068 .0072
 .0081 .0332 .0729 .1068 .1244 .1203 .1013 .0787 .0575 .0404 .0324 .0280 .0255 .0224 .0187 .0179 .0164 .0164 .0173 .0200 .0330
 .0141 .0479 .0860 .1138 .1225 .1144 .0972 .0767 .0554 .0403 .0315 .0267 .0247 .0212 .0195 .0174 .0166 .0159 .0158 .0171 .0245
 .0333 .0949 .1458 .1608 .1462 .1124 .0771 .0490 .0297 .0200 .0174 .0172 .0176 .0171 .0140 .0115 .0099 .0084 .0064 .0052 .0051
 .0122 .0453 .0879 .1217 .1290 .1194 .0941 .0692 .0470 .0332 .0284 .0263 .0239 .0211 .0195 .0166 .0166 .0167 .0165 .0181 .0279
 .0178 .0574 .0999 .1282 .1316 .1174 .0933 .0677 .0473 .0332 .0257 .0238 .0224 .0199 .0183 .0173 .0163 .0148 .0150 .0145 .0184
 .0397 .1103 .1632 .1733 .1481 .1060 .0699 .0406 .0232 .0150 .0140 .0154 .0164 .0148 .0126 .0106 .0086 .0069 .0051 .0033 .0031
 .0192 .0620 .1096 .1365 .1345 .1113 .0839 .0563 .0362 .0259 .0237 .0245 .0239 .0216 .0204 .0185 .0175 .0159 .0146 .0146 .0205
 .0208 .0639 .1108 .1395 .1383 .1174 .0900 .0625 .0415 .0282 .0227 .0217 .0206 .0190 .0179 .0161 .0151 .0132 .0136 .0128 .0148
 .0437 .1200 .1730 .1797 .1490 .1052 .0656 .0376 .0208 .0136 .0120 .0138 .0142 .0127 .0107 .0090 .0067 .0051 .0036 .0027 .0014
 .0178 .0625 .1124 .1449 .1453 .1194 .0867 .0570 .0357 .0258 .0218 .0225 .0216 .0201 .0172 .0156 .0136 .0128 .0128 .0115 .0141
 .0242 .0747 .1243 .1494 .1440 .1171 .0837 .0570 .0351 .0229 .0190 .0196 .0194 .0188 .0170 .0153 .0131 .0129 .0112 .0110 .0098
 .0489 .1328 .1878 .1868 .1471 .0990 .0597 .0321 .0170 .0110 .0108 .0123 .0125 .0113 .0089 .0073 .0053 .0041 .0029 .0016 .0014
 .0232 .0775 .1286 .1535 .1437 .1127 .0768 .0483 .0296 .0209 .0189 .0210 .0212 .0197 .0172 .0155 .0143 .0128 .0116 .0120 .0125
 .0287 .0841 .1368 .1575 .1443 .1135 .0792 .0494 .0300 .0201 .0175 .0178 .0186 .0186 .0172 .0148 .0131 .0124 .0103 .0090 .0072
 .0558 .1436 .1988 .1921 .1466 .0938 .0528 .0277 .0139 .0093 .0086 .0109 .0107 .0095 .0084 .0063 .0045 .0029 .0017 .0014 .0014
 .0312 .0921 .1433 .1602 .1407 .1054 .0692 .0422 .0249 .0186 .0183 .0214 .0210 .0192 .0170 .0159 .0139 .0116 .0101 .0082 .0074
 .0313 .0929 .1474 .1656 .1488 .1116 .0742 .0446 .0256 .0173 .0156 .0173 .0182 .0176 .0152 .0138 .0117 .0109 .0088 .0065 .0045
 .0600 .1562 .2071 .1957 .1418 .0898 .0486 .0248 .0121 .0078 .0084 .0094 .0099 .0085 .0070 .0049 .0035 .0019 .0014 .0014 .0014
 .0351 .1027 .1545 .1649 .1378 .1001 .0627 .0364 .0213 .0168 .0180 .0199 .0203 .0191 .0164 .0150 .0135 .0123 .0101 .0085 .0062
 .0344 .1029 .1569 .1723 .1498 .1081 .0693 .0398 .0225 .0153 .0138 .0162 .0181 .0170 .0147 .0127 .0116 .0089 .0072 .0057 .0031
 .0665 .1658 .2176 .1983 .1397 .0846 .0437 .0210 .0100 .0068 .0072 .0086 .0081 .0070 .0050 .0035 .0026 .0014 .0014 .0014 .0014
 .0413 .1156 .1662 .1698 .1377 .0952 .0570 .0322 .0181 .0145 .0161 .0201 .0204 .0178 .0158 .0134 .0115 .0092 .0079 .0069 .0043
 .0393 .1116 .1680 .1794 .1474 .1041 .0650 .0361 .0197 .0131 .0128 .0158 .0176 .0161 .0140 .0116 .0093 .0076 .0053 .0038 .0018
 .0712 .1743 .2233 .1983 .1381 .0803 .0414 .0196 .0088 .0060 .0065 .0073 .0072 .0059 .0044 .0031 .0020 .0014 .0014 .0014 .0014
 .0470 .1237 .1737 .1726 .1339 .0880 .0516 .0285 .0166 .0126 .0153 .0206 .0212 .0193 .0164 .0143 .0118 .0100 .0073 .0048 .0024
 .0447 .1245 .1781 .1816 .1466 .0991 .0607 .0318 .0169 .0118 .0124 .0153 .0161 .0160 .0136 .0106 .0078 .0062 .0040 .0023 .0014
 .0751 .1827 .2303 .1981 .1337 .0766 .0384 .0174 .0085 .0054 .0057 .0068 .0071 .0054 .0037 .0022 .0014 .0014 .0014 .0014 .0014
 .0572 .1396 .1848 .1720 .1291 .0819 .0475 .0243 .0139 .0122 .0153 .0199 .0209 .0190 .0157 .0121 .0091 .0071 .0050 .0035 .0014
 .0494 .1364 .1910 .1884 .1427 .0927 .0541 .0276 .0145 .0097 .0113 .0145 .0156 .0144 .0120 .0094 .0067 .0045 .0028 .0015 .0014
 .0803 .1921 .2359 .1974 .1308 .0707 .0344 .0157 .0065 .0047 .0056 .0071 .0068 .0050 .0034 .0017 .0014 .0014 .0014 .0014 .0014
 .0673 .1568 .1905 .1697 .1212 .0734 .0406 .0207 .0115 .0118 .0171 .0212 .0210 .0178 .0150 .0115 .0093 .0071 .0043 .0029 .0014
 .0550 .1443 .1963 .1872 .1443 .0913 .0514 .0261 .0128 .0091 .0106 .0130 .0145 .0136 .0110 .0075 .0058 .0036 .0020 .0014 .0014
 .0858 .2009 .2410 .1976 .1250 .0659 .0313 .0139 .0060 .0043 .0052 .0065 .0054 .0043 .0027 .0016 .0014 .0014 .0014 .0014 .0014
 .0779 .1714 .2010 .1683 .1160 .0670 .0361 .0179 .0104 .0111 .0154 .0192 .0204 .0176 .0140 .0097 .0076 .0050 .0037 .0017 .0014
 .0573 .1499 .2040 .1937 .1421 .0884 .0479 .0234 .0115 .0083 .0094 .0123 .0135 .0114 .0095 .0071 .0047 .0029 .0020 .0014 .0014
 .0872 .2022 .2429 .1982 .1239 .0650 .0301 .0127 .0059 .0040 .0054 .0064 .0061 .0042 .0027 .0014 .0014 .0014 .0014 .0014 .0014
 .0849 .1754 .2014 .1663 .1118 .0640 .0336 .0162 .0089 .0104 .0154 .0201 .0202 .0169 .0140 .0113 .0086 .0065 .0038 .0014 .0014
 .0598 .1553 .2076 .1936 .1426 .0882 .0466 .0222 .0110 .0077 .0092 .0116 .0123 .0110 .0085 .0062 .0036 .0021 .0014 .0014 .0014
 .0902 .2038 .2431 .1984 .1251 .0647 .0293 .0122 .0050 .0039 .0047 .0057 .0052 .0036 .0023 .0014 .0014 .0014 .0014 .0014 .0014
 .0848 .1785 .2071 .1678 .1137 .0646 .0320 .0162 .0086 .0092 .0137 .0195 .0200 .0171 .0132 .0101 .0072 .0042 .0025 .0014 .0014
 .0610 .1589 .2134 .1980 .1410 .0859 .0465 .0216 .0100 .0066 .0076 .0107 .0103 .0102 .0072 .0049 .0028 .0016 .0014 .0014 .0014
 .0872 .2042 .2465 .2002 .1247 .0642 .0289 .0117 .0050 .0037 .0046 .0055 .0049 .0035 .0022 .0014 .0014 .0014 .0014 .0014 .0014
 .0851 .1791 .2047 .1695 .1118 .0627 .0322 .0147 .0076 .0091 .0149 .0194 .0193 .0181 .0151 .0116 .0077 .0050 .0027 .0015 .0014
 .0653 .1641 .2156 .1993 .1420 .0846 .0444 .0206 .0092 .0063 .0076 .0099 .0104 .0082 .0054 .0039 .0021 .0014 .0014 .0014 .0014
 .0911 .2110 .2459 .1989 .1215 .0633 .0280 .0117 .0046 .0035 .0044 .0047 .0042 .0031 .0015 .0014 .0014 .0014 .0014 .0014 .0014
 .0934 .1884 .2085 .1701 .1114 .0606 .0305 .0137 .0071 .0088 .0149 .0194 .0194 .0159 .0116 .0078 .0049 .0030 .0014 .0014 .0014
 .0678 .1708 .2218 .2014 .1404 .0820 .0401 .0184 .0080 .0054 .0071 .0091 .0093 .0069 .0043 .0029 .0019 .0014 .0014 .0014 .0014
 .0939 .2135 .2474 .1975 .1213 .0608 .0267 .0105 .0046 .0033 .0040 .0045 .0041 .0031 .0018 .0016 .0014 .0014 .0014 .0014 .0014
 .1000 .1960 .2066 .1620 .1039 .0571 .0275 .0127 .0076 .0101 .0160 .0212 .0201 .0160 .0121 .0090 .0064 .0042 .0018 .0014 .0014
 .0698 .1725 .2258 .2026 .1412 .0813 .0412 .0176 .0076 .0053 .0068 .0076 .0073 .0058 .0035 .0021 .0014 .0014 .0014 .0014 .0014
 .0968 .2168 .2507 .1967 .1182 .0595 .0260 .0101 .0045 .0030 .0041 .0037 .0039 .0026 .0016 .0014 .0014 .0014 .0014 .0014 .0014
 .1049 .2025 .2143 .1636 .1023 .0544 .0271 .0122 .0068 .0099 .0164 .0202 .0196 .0150 .0101 .0055 .0038 .0017 .0014 .0014 .0014
 .0709 .1782 .2271 .2021 .1388 .0791 .0391 .0174 .0073 .0055 .0062 .0075 .0073 .0056 .0037 .0024 .0014 .0014 .0014 .0014 .0014
 .0955 .2157 .2505 .1980 .1191 .0596 .0252 .0098 .0044 .0031 .0041 .0042 .0035 .0027 .0019 .0014 .0014 .0014 .0014 .0014 .0014
 .1022 .1969 .2081 .1619 .1023 .0550 .0263 .0124 .0073 .0093 .0146 .0199 .0212 .0182 .0150 .0100 .0055 .0030 .0014 .0014 .0014
  2013032400  has been     added 
  2013032300  has been     added
  2013032200  has been     added
  2013032100  has been     added
  2013032000  has been     added
  2013031900  has been     added
  2013031800  has been     added
  2013031700  has been     added
  2013031600  has been     added
  2013031500  has been     added
  2013031400  has been     added
  2013031300  has been     added
  2013031200  has been     added
  2013031100  has been     added
  2013031000  has been     added
  2013030900  has been     added
  2013030800  has been     added
  2013030700  has been     added
  2013030600  has been     added
  2013030500  has been not added
  2013030500  has been     added
  2013030400  has been     added
  2013030300  has been     added
  2013030200  has been     added
  2013030100  has been     added
  2013022800  has been not added
  2013022800  has been     added
  2013022700  has been     added
  2013022600  has been     added
  2013022500  has been     added
  2013022400  has been     added
  2013022300  has been     added
  2013022200  has been     added
  2013022100  has been     added
  2013022000  has been     added
  2013021900  has been     added
  2013021800  has been     added
  2013021700  has been     added
  2013021600  has been     added
  2013021500  has been     added
  2013021300  has been     added
  2013021200  has been     added
  2013021100  has been     added
  2013021000  has been     added
  2013020900  has been     added
