  Updated to 2013042000
 .0001 .0000 .0008 .0014 .0014 .0014 .0016 .0033 .0077 .0172 .0312 .0460 .0531 .0567 .0582 .0594 .0608 .0625 .0686 .0842 .3894
 .0000 .0000 .0006 .0014 .0014 .0021 .0041 .0084 .0153 .0286 .0459 .0618 .0707 .0716 .0688 .0670 .0653 .0650 .0652 .0710 .2871
 .0001 .0006 .0014 .0015 .0023 .0056 .0104 .0183 .0301 .0471 .0644 .0801 .0841 .0793 .0718 .0637 .0555 .0496 .0444 .0448 .2386
 .0000 .0002 .0010 .0014 .0014 .0015 .0026 .0053 .0111 .0223 .0381 .0524 .0622 .0651 .0660 .0640 .0666 .0666 .0704 .0833 .3221
 .0000 .0004 .0014 .0014 .0022 .0040 .0079 .0138 .0234 .0383 .0568 .0720 .0796 .0781 .0737 .0690 .0643 .0598 .0589 .0608 .2356
 .0000 .0008 .0014 .0015 .0031 .0062 .0125 .0219 .0358 .0536 .0720 .0835 .0871 .0806 .0720 .0613 .0525 .0437 .0388 .0399 .2257
 .0000 .0006 .0014 .0014 .0015 .0025 .0046 .0084 .0166 .0304 .0473 .0628 .0724 .0727 .0729 .0711 .0685 .0688 .0689 .0745 .2559
 .0000 .0008 .0014 .0023 .0048 .0090 .0146 .0228 .0349 .0509 .0693 .0816 .0851 .0822 .0734 .0661 .0583 .0534 .0475 .0476 .1951
 .0000 .0011 .0014 .0019 .0048 .0093 .0166 .0284 .0433 .0631 .0786 .0892 .0885 .0818 .0688 .0571 .0473 .0411 .0352 .0362 .2003
 .0001 .0013 .0014 .0017 .0026 .0052 .0090 .0152 .0246 .0395 .0575 .0739 .0814 .0811 .0779 .0721 .0678 .0632 .0593 .0594 .2080
 .0003 .0015 .0024 .0050 .0095 .0162 .0239 .0357 .0499 .0643 .0795 .0885 .0866 .0795 .0691 .0594 .0497 .0422 .0387 .0373 .1612
 .0000 .0012 .0014 .0024 .0056 .0121 .0221 .0360 .0532 .0709 .0862 .0932 .0885 .0784 .0657 .0527 .0421 .0342 .0295 .0305 .1867
 .0004 .0014 .0016 .0029 .0055 .0092 .0155 .0238 .0360 .0521 .0711 .0847 .0889 .0849 .0778 .0694 .0622 .0543 .0482 .0466 .1655
 .0011 .0021 .0051 .0108 .0177 .0270 .0390 .0503 .0640 .0769 .0853 .0890 .0837 .0719 .0588 .0483 .0401 .0326 .0301 .0324 .1350
 .0001 .0014 .0017 .0040 .0088 .0177 .0296 .0445 .0627 .0799 .0902 .0944 .0869 .0727 .0596 .0465 .0366 .0297 .0258 .0293 .1716
 .0012 .0015 .0027 .0057 .0102 .0164 .0250 .0363 .0500 .0649 .0811 .0919 .0907 .0825 .0712 .0601 .0511 .0434 .0374 .0365 .1419
 .0014 .0046 .0106 .0188 .0299 .0423 .0540 .0665 .0753 .0828 .0853 .0824 .0737 .0608 .0484 .0385 .0320 .0272 .0259 .0286 .1120
 .0004 .0014 .0024 .0063 .0134 .0249 .0404 .0576 .0729 .0871 .0926 .0907 .0803 .0652 .0510 .0393 .0314 .0251 .0236 .0282 .1578
 .0014 .0020 .0049 .0103 .0176 .0268 .0383 .0522 .0656 .0791 .0885 .0925 .0869 .0753 .0626 .0500 .0411 .0325 .0289 .0297 .1154
 .0021 .0078 .0179 .0317 .0457 .0580 .0702 .0782 .0829 .0837 .0796 .0730 .0632 .0509 .0389 .0312 .0260 .0228 .0222 .0265 .0881
 .0010 .0014 .0040 .0100 .0215 .0360 .0540 .0708 .0869 .0937 .0939 .0856 .0733 .0574 .0434 .0322 .0255 .0213 .0204 .0261 .1339
 .0014 .0034 .0091 .0177 .0278 .0405 .0545 .0674 .0778 .0853 .0892 .0870 .0774 .0631 .0501 .0406 .0325 .0261 .0241 .0271 .0992
 .0037 .0136 .0293 .0456 .0624 .0748 .0830 .0851 .0834 .0782 .0704 .0617 .0517 .0409 .0311 .0259 .0212 .0203 .0210 .0248 .0716
 .0014 .0021 .0061 .0149 .0291 .0476 .0655 .0810 .0911 .0936 .0882 .0793 .0650 .0493 .0364 .0275 .0224 .0193 .0210 .0267 .1257
 .0014 .0059 .0146 .0268 .0418 .0568 .0706 .0804 .0867 .0877 .0856 .0778 .0669 .0527 .0414 .0313 .0247 .0213 .0210 .0251 .0795
 .0064 .0211 .0428 .0636 .0817 .0906 .0928 .0882 .0792 .0685 .0606 .0494 .0411 .0327 .0264 .0215 .0198 .0185 .0197 .0234 .0509
 .0014 .0036 .0108 .0236 .0438 .0649 .0834 .0929 .0964 .0904 .0820 .0683 .0551 .0403 .0296 .0224 .0187 .0172 .0198 .0259 .1012
 .0026 .0101 .0227 .0406 .0572 .0736 .0846 .0890 .0885 .0832 .0776 .0664 .0542 .0433 .0321 .0252 .0216 .0190 .0191 .0239 .0653
 .0101 .0317 .0585 .0833 .0970 .1019 .0966 .0856 .0718 .0584 .0473 .0397 .0337 .0276 .0236 .0200 .0184 .0181 .0186 .0200 .0372
 .0015 .0057 .0169 .0359 .0586 .0813 .0952 .0994 .0933 .0833 .0700 .0567 .0437 .0338 .0253 .0217 .0189 .0189 .0207 .0274 .0833
 .0044 .0146 .0326 .0548 .0745 .0883 .0945 .0952 .0884 .0774 .0660 .0554 .0457 .0342 .0266 .0219 .0181 .0171 .0185 .0225 .0495
 .0141 .0441 .0768 .1024 .1129 .1105 .0976 .0798 .0632 .0475 .0380 .0320 .0284 .0243 .0215 .0188 .0168 .0164 .0159 .0162 .0231
 .0023 .0093 .0262 .0505 .0765 .0979 .1053 .1034 .0928 .0764 .0614 .0479 .0372 .0278 .0220 .0182 .0169 .0184 .0193 .0255 .0566
 .0059 .0219 .0457 .0702 .0922 .1026 .1026 .0970 .0819 .0685 .0543 .0434 .0352 .0268 .0218 .0186 .0170 .0165 .0171 .0199 .0397
 .0193 .0555 .0961 .1214 .1250 .1132 .0935 .0711 .0515 .0372 .0297 .0266 .0242 .0223 .0203 .0180 .0160 .0147 .0137 .0133 .0175
 .0035 .0152 .0378 .0673 .0938 .1084 .1091 .0979 .0806 .0624 .0481 .0381 .0305 .0244 .0208 .0183 .0168 .0177 .0190 .0240 .0574
 .0083 .0311 .0607 .0892 .1086 .1129 .1054 .0910 .0725 .0576 .0448 .0371 .0285 .0246 .0194 .0173 .0157 .0150 .0147 .0173 .0290
 .0245 .0706 .1191 .1402 .1349 .1153 .0874 .0605 .0409 .0287 .0237 .0222 .0217 .0198 .0176 .0160 .0136 .0122 .0107 .0101 .0097
 .0053 .0235 .0553 .0889 .1147 .1213 .1096 .0896 .0678 .0508 .0387 .0321 .0255 .0219 .0186 .0174 .0162 .0163 .0177 .0223 .0392
 .0119 .0407 .0778 .1077 .1215 .1196 .1057 .0827 .0634 .0466 .0360 .0285 .0249 .0214 .0170 .0155 .0145 .0134 .0145 .0142 .0219
 .0303 .0873 .1370 .1541 .1414 .1123 .0793 .0515 .0324 .0221 .0194 .0191 .0197 .0191 .0169 .0142 .0119 .0105 .0091 .0074 .0064
 .0084 .0359 .0753 .1122 .1292 .1234 .1035 .0766 .0537 .0373 .0309 .0271 .0239 .0214 .0195 .0181 .0178 .0168 .0176 .0183 .0258
 .0157 .0520 .0942 .1235 .1322 .1241 .1012 .0775 .0537 .0379 .0285 .0244 .0217 .0180 .0167 .0152 .0131 .0122 .0116 .0122 .0144
 .0371 .1037 .1545 .1654 .1445 .1088 .0717 .0449 .0257 .0175 .0155 .0163 .0172 .0170 .0147 .0125 .0097 .0081 .0062 .0050 .0036
 .0131 .0480 .0943 .1302 .1389 .1252 .0955 .0674 .0432 .0297 .0241 .0235 .0222 .0205 .0191 .0171 .0157 .0156 .0144 .0143 .0189
 .0197 .0637 .1109 .1398 .1408 .1220 .0955 .0670 .0453 .0304 .0230 .0210 .0196 .0175 .0155 .0139 .0128 .0108 .0109 .0096 .0113
 .0445 .1190 .1717 .1767 .1457 .1008 .0633 .0358 .0204 .0128 .0126 .0147 .0156 .0151 .0131 .0112 .0087 .0069 .0047 .0036 .0024
 .0206 .0679 .1187 .1462 .1411 .1122 .0811 .0518 .0326 .0229 .0215 .0229 .0219 .0206 .0190 .0177 .0162 .0146 .0136 .0131 .0152
 .0229 .0722 .1225 .1503 .1477 .1232 .0926 .0632 .0401 .0258 .0194 .0179 .0168 .0152 .0138 .0119 .0108 .0090 .0090 .0080 .0076
 .0491 .1324 .1818 .1842 .1441 .0995 .0607 .0330 .0178 .0115 .0109 .0133 .0143 .0125 .0103 .0085 .0060 .0045 .0027 .0017 .0014
 .0210 .0707 .1265 .1549 .1494 .1199 .0855 .0531 .0326 .0225 .0192 .0201 .0194 .0178 .0157 .0140 .0119 .0104 .0096 .0088 .0086
 .0274 .0842 .1356 .1614 .1511 .1209 .0856 .0564 .0336 .0211 .0164 .0155 .0157 .0141 .0129 .0110 .0092 .0086 .0072 .0062 .0058
 .0537 .1440 .1967 .1889 .1423 .0935 .0534 .0282 .0149 .0093 .0098 .0119 .0124 .0112 .0092 .0067 .0049 .0037 .0021 .0014 .0014
 .0248 .0820 .1370 .1611 .1465 .1138 .0760 .0471 .0279 .0192 .0177 .0196 .0200 .0192 .0171 .0150 .0125 .0102 .0085 .0082 .0077
 .0311 .0943 .1503 .1711 .1554 .1176 .0802 .0479 .0284 .0171 .0138 .0133 .0140 .0137 .0120 .0097 .0080 .0076 .0059 .0047 .0036
 .0616 .1549 .2070 .1937 .1432 .0879 .0473 .0237 .0116 .0080 .0082 .0103 .0107 .0098 .0076 .0055 .0037 .0019 .0014 .0014 .0014
 .0303 .0944 .1513 .1707 .1489 .1089 .0680 .0397 .0217 .0162 .0169 .0192 .0197 .0182 .0155 .0137 .0115 .0092 .0072 .0059 .0043
 .0351 .1039 .1626 .1790 .1542 .1125 .0735 .0432 .0247 .0149 .0124 .0131 .0133 .0128 .0109 .0095 .0078 .0066 .0049 .0032 .0018
 .0662 .1663 .2149 .1948 .1395 .0830 .0433 .0212 .0101 .0065 .0074 .0094 .0099 .0086 .0069 .0049 .0030 .0016 .0014 .0014 .0014
 .0341 .1016 .1574 .1709 .1419 .1009 .0612 .0341 .0195 .0159 .0187 .0220 .0219 .0201 .0166 .0148 .0127 .0107 .0086 .0051 .0034
 .0389 .1150 .1741 .1852 .1577 .1095 .0687 .0372 .0203 .0124 .0108 .0118 .0124 .0112 .0094 .0075 .0063 .0044 .0036 .0027 .0014
 .0729 .1767 .2245 .1992 .1353 .0784 .0391 .0185 .0083 .0057 .0062 .0078 .0080 .0066 .0048 .0032 .0024 .0014 .0014 .0014 .0014
 .0421 .1200 .1735 .1794 .1417 .0943 .0551 .0292 .0157 .0127 .0153 .0195 .0196 .0168 .0148 .0124 .0099 .0074 .0059 .0040 .0019
 .0431 .1234 .1826 .1906 .1555 .1057 .0637 .0337 .0178 .0114 .0099 .0113 .0120 .0104 .0085 .0066 .0047 .0038 .0023 .0017 .0016
 .0772 .1863 .2300 .1976 .1326 .0752 .0364 .0165 .0073 .0047 .0058 .0070 .0070 .0058 .0041 .0026 .0017 .0014 .0014 .0014 .0014
 .0462 .1254 .1789 .1775 .1402 .0895 .0502 .0256 .0143 .0117 .0157 .0197 .0213 .0188 .0151 .0128 .0099 .0078 .0053 .0037 .0016
 .0492 .1376 .1958 .1949 .1519 .0997 .0580 .0294 .0145 .0086 .0079 .0099 .0100 .0093 .0076 .0056 .0038 .0033 .0018 .0014 .0014
 .0807 .1955 .2394 .2010 .1281 .0699 .0326 .0147 .0068 .0043 .0045 .0059 .0063 .0042 .0026 .0016 .0014 .0014 .0014 .0014 .0014
 .0569 .1464 .1957 .1830 .1322 .0804 .0440 .0217 .0120 .0101 .0140 .0182 .0188 .0167 .0133 .0102 .0071 .0051 .0034 .0017 .0014
 .0533 .1468 .2063 .1975 .1492 .0944 .0515 .0259 .0125 .0077 .0077 .0094 .0097 .0080 .0063 .0050 .0037 .0025 .0015 .0017 .0014
 .0833 .2028 .2415 .1987 .1279 .0661 .0308 .0130 .0054 .0041 .0047 .0058 .0057 .0038 .0029 .0015 .0014 .0014 .0014 .0014 .0014
 .0643 .1570 .1987 .1754 .1252 .0743 .0388 .0189 .0100 .0106 .0167 .0209 .0209 .0169 .0136 .0101 .0080 .0062 .0034 .0016 .0014
 .0585 .1548 .2113 .2003 .1486 .0902 .0483 .0234 .0110 .0065 .0070 .0080 .0087 .0076 .0062 .0041 .0032 .0016 .0014 .0014 .0014
 .0878 .2088 .2485 .1987 .1235 .0628 .0288 .0114 .0050 .0034 .0040 .0049 .0045 .0035 .0019 .0014 .0014 .0014 .0014 .0014 .0014
 .0767 .1763 .2093 .1784 .1205 .0681 .0341 .0158 .0088 .0090 .0139 .0175 .0189 .0153 .0111 .0073 .0050 .0030 .0018 .0014 .0014
 .0607 .1588 .2167 .2017 .1464 .0880 .0465 .0213 .0096 .0063 .0065 .0075 .0080 .0066 .0053 .0037 .0022 .0016 .0015 .0015 .0014
 .0901 .2111 .2482 .1990 .1215 .0624 .0270 .0106 .0049 .0031 .0040 .0044 .0047 .0034 .0021 .0014 .0014 .0014 .0014 .0014 .0014
 .0799 .1765 .2095 .1734 .1157 .0653 .0325 .0150 .0077 .0096 .0155 .0197 .0196 .0163 .0124 .0093 .0062 .0043 .0020 .0016 .0014
 .0626 .1639 .2191 .2035 .1469 .0869 .0450 .0207 .0090 .0053 .0059 .0069 .0073 .0060 .0045 .0032 .0016 .0015 .0015 .0014 .0014
 .0930 .2143 .2505 .1995 .1221 .0603 .0260 .0102 .0042 .0030 .0033 .0041 .0038 .0027 .0014 .0014 .0014 .0014 .0014 .0014 .0014
 .0884 .1904 .2175 .1754 .1144 .0627 .0308 .0142 .0071 .0076 .0123 .0169 .0166 .0137 .0095 .0063 .0038 .0021 .0015 .0014 .0014
 .0634 .1683 .2229 .2045 .1445 .0853 .0434 .0195 .0087 .0053 .0054 .0070 .0064 .0057 .0038 .0030 .0016 .0015 .0015 .0014 .0014
 .0912 .2110 .2528 .2002 .1222 .0609 .0260 .0103 .0040 .0027 .0034 .0041 .0038 .0028 .0017 .0014 .0014 .0014 .0014 .0014 .0014
 .0858 .1830 .2123 .1716 .1122 .0622 .0304 .0135 .0074 .0091 .0146 .0192 .0190 .0159 .0128 .0097 .0057 .0034 .0019 .0017 .0016
 .0672 .1730 .2280 .2052 .1433 .0827 .0418 .0188 .0081 .0049 .0049 .0059 .0057 .0045 .0027 .0018 .0015 .0014 .0014 .0014 .0014
 .0947 .2185 .2519 .2007 .1188 .0597 .0252 .0096 .0040 .0025 .0035 .0034 .0030 .0021 .0015 .0014 .0014 .0014 .0014 .0014 .0014
 .0958 .1970 .2198 .1770 .1122 .0611 .0295 .0125 .0072 .0076 .0127 .0151 .0142 .0110 .0078 .0050 .0029 .0018 .0016 .0014 .0014
 .0706 .1781 .2296 .2035 .1407 .0784 .0383 .0168 .0075 .0045 .0054 .0065 .0065 .0049 .0032 .0020 .0015 .0016 .0014 .0014 .0014
 .0937 .2175 .2547 .1993 .1193 .0595 .0248 .0098 .0038 .0026 .0029 .0030 .0033 .0022 .0015 .0014 .0014 .0014 .0014 .0014 .0014
 .0962 .1961 .2123 .1666 .1043 .0575 .0271 .0126 .0076 .0100 .0158 .0199 .0199 .0158 .0116 .0083 .0052 .0029 .0016 .0015 .0014
 .0702 .1778 .2311 .2050 .1424 .0808 .0401 .0170 .0072 .0043 .0046 .0051 .0051 .0041 .0023 .0015 .0014 .0014 .0014 .0014 .0014
 .0956 .2192 .2555 .1993 .1190 .0591 .0251 .0096 .0040 .0023 .0027 .0025 .0024 .0014 .0014 .0014 .0014 .0014 .0014 .0014 .0014
 .0977 .1982 .2208 .1718 .1113 .0598 .0283 .0129 .0069 .0076 .0133 .0176 .0172 .0127 .0079 .0040 .0023 .0014 .0014 .0014 .0014
 .0708 .1800 .2308 .2042 .1408 .0797 .0375 .0162 .0069 .0043 .0046 .0063 .0059 .0049 .0030 .0020 .0019 .0015 .0014 .0014 .0014
 .0956 .2171 .2562 .1995 .1204 .0584 .0241 .0091 .0036 .0025 .0031 .0034 .0026 .0019 .0014 .0014 .0014 .0014 .0014 .0014 .0014
 .0910 .1873 .2102 .1680 .1067 .0577 .0262 .0117 .0066 .0088 .0151 .0210 .0219 .0193 .0142 .0109 .0070 .0038 .0025 .0016 .0014
  2013042000  has been     added 
  2013041900  has been     added
  2013041800  has been     added
  2013041700  has been     added
  2013041600  has been     added
  2013041500  has been     added
  2013041400  has been     added
  2013041300  has been     added
  2013041200  has been     added
  2013041100  has been     added
  2013041000  has been     added
  2013040900  has been     added
  2013040800  has been     added
  2013040700  has been     added
  2013040600  has been     added
  2013040500  has been     added
  2013040400  has been     added
  2013040300  has been     added
  2013040200  has been     added
  2013040100  has been     added
  2013033100  has been     added
  2013033000  has been     added
  2013032900  has been     added
  2013032800  has been     added
  2013032700  has been     added
  2013032600  has been     added
  2013032500  has been     added
  2013032400  has been     added
  2013032300  has been     added
  2013032200  has been     added
  2013032100  has been     added
  2013032000  has been     added
  2013031900  has been     added
  2013031800  has been     added
  2013031700  has been     added
  2013031600  has been     added
  2013031500  has been     added
  2013031400  has been     added
  2013031300  has been     added
  2013031200  has been     added
  2013031100  has been     added
  2013031000  has been     added
  2013030900  has been     added
  2013030800  has been     added
  2013030700  has been     added
