  Updated to 2013021700
 .0001 .0000 .0008 .0014 .0014 .0014 .0022 .0040 .0091 .0195 .0346 .0490 .0574 .0603 .0611 .0612 .0624 .0662 .0702 .0858 .3555
 .0000 .0000 .0006 .0014 .0015 .0028 .0053 .0091 .0182 .0310 .0501 .0663 .0746 .0768 .0737 .0715 .0688 .0669 .0647 .0684 .2499
 .0001 .0006 .0014 .0018 .0037 .0077 .0141 .0235 .0367 .0537 .0722 .0847 .0868 .0834 .0738 .0654 .0572 .0502 .0424 .0400 .1937
 .0000 .0002 .0010 .0014 .0014 .0018 .0030 .0058 .0120 .0244 .0412 .0571 .0667 .0683 .0678 .0688 .0674 .0686 .0739 .0845 .2890
 .0000 .0004 .0014 .0014 .0026 .0046 .0088 .0149 .0254 .0414 .0599 .0755 .0831 .0827 .0777 .0718 .0675 .0609 .0575 .0579 .2057
 .0000 .0008 .0014 .0020 .0045 .0086 .0157 .0257 .0400 .0584 .0761 .0878 .0888 .0834 .0727 .0637 .0528 .0455 .0387 .0378 .1888
 .0000 .0006 .0014 .0014 .0016 .0029 .0056 .0103 .0175 .0328 .0511 .0661 .0758 .0767 .0758 .0729 .0714 .0695 .0687 .0745 .2263
 .0000 .0008 .0014 .0023 .0047 .0089 .0153 .0240 .0363 .0531 .0728 .0874 .0897 .0843 .0778 .0683 .0596 .0525 .0457 .0450 .1714
 .0000 .0011 .0016 .0026 .0059 .0114 .0198 .0309 .0453 .0642 .0810 .0911 .0912 .0813 .0705 .0594 .0505 .0408 .0341 .0349 .1749
 .0001 .0013 .0014 .0019 .0031 .0059 .0104 .0173 .0278 .0433 .0624 .0788 .0844 .0852 .0806 .0730 .0679 .0633 .0587 .0580 .1770
 .0003 .0014 .0021 .0046 .0093 .0157 .0246 .0360 .0501 .0666 .0832 .0923 .0927 .0837 .0719 .0610 .0498 .0420 .0360 .0350 .1427
 .0000 .0012 .0015 .0037 .0079 .0145 .0251 .0379 .0539 .0708 .0861 .0935 .0907 .0812 .0690 .0561 .0450 .0368 .0303 .0306 .1560
 .0004 .0014 .0016 .0030 .0063 .0107 .0180 .0271 .0403 .0584 .0753 .0896 .0926 .0851 .0785 .0689 .0610 .0529 .0468 .0442 .1391
 .0011 .0019 .0042 .0085 .0159 .0252 .0375 .0511 .0660 .0808 .0906 .0940 .0883 .0751 .0615 .0500 .0397 .0330 .0278 .0288 .1202
 .0001 .0014 .0023 .0055 .0116 .0210 .0341 .0495 .0657 .0834 .0915 .0950 .0897 .0753 .0604 .0476 .0375 .0294 .0260 .0283 .1373
 .0012 .0014 .0025 .0061 .0116 .0192 .0289 .0408 .0560 .0708 .0876 .0946 .0926 .0830 .0718 .0596 .0493 .0413 .0351 .0343 .1133
 .0014 .0032 .0080 .0157 .0271 .0386 .0523 .0673 .0796 .0883 .0926 .0896 .0789 .0643 .0501 .0389 .0308 .0246 .0226 .0255 .1012
 .0004 .0014 .0034 .0078 .0166 .0290 .0438 .0597 .0755 .0867 .0946 .0925 .0834 .0677 .0530 .0415 .0325 .0257 .0234 .0260 .1272
 .0014 .0019 .0053 .0106 .0204 .0309 .0446 .0586 .0721 .0838 .0923 .0939 .0861 .0740 .0611 .0479 .0385 .0319 .0273 .0279 .0909
 .0014 .0055 .0138 .0258 .0405 .0556 .0702 .0812 .0891 .0902 .0879 .0793 .0668 .0516 .0394 .0297 .0233 .0210 .0202 .0243 .0836
 .0010 .0016 .0055 .0124 .0253 .0403 .0581 .0732 .0862 .0931 .0940 .0873 .0746 .0579 .0445 .0338 .0255 .0218 .0199 .0253 .1118
 .0014 .0036 .0091 .0187 .0312 .0452 .0596 .0727 .0829 .0902 .0930 .0874 .0773 .0628 .0498 .0384 .0304 .0245 .0211 .0236 .0782
 .0026 .0097 .0225 .0390 .0559 .0725 .0854 .0921 .0917 .0871 .0784 .0665 .0538 .0408 .0309 .0239 .0201 .0182 .0184 .0225 .0681
 .0014 .0029 .0080 .0191 .0340 .0528 .0696 .0836 .0907 .0934 .0892 .0784 .0651 .0500 .0374 .0285 .0227 .0194 .0190 .0244 .1025
 .0016 .0059 .0156 .0298 .0451 .0614 .0766 .0863 .0910 .0909 .0866 .0780 .0653 .0522 .0397 .0297 .0231 .0196 .0189 .0213 .0621
 .0043 .0155 .0339 .0544 .0742 .0892 .0970 .0962 .0890 .0779 .0668 .0546 .0428 .0326 .0254 .0199 .0179 .0166 .0173 .0217 .0521
 .0014 .0043 .0137 .0277 .0466 .0668 .0827 .0931 .0955 .0915 .0822 .0702 .0565 .0432 .0317 .0241 .0193 .0178 .0181 .0229 .0825
 .0023 .0103 .0244 .0429 .0611 .0770 .0907 .0944 .0924 .0875 .0768 .0669 .0533 .0412 .0310 .0236 .0196 .0172 .0167 .0204 .0497
 .0066 .0229 .0465 .0709 .0916 .1029 .1022 .0959 .0839 .0682 .0554 .0443 .0341 .0274 .0212 .0178 .0161 .0157 .0161 .0202 .0398
 .0014 .0068 .0190 .0374 .0604 .0795 .0944 .0985 .0945 .0858 .0742 .0609 .0467 .0361 .0261 .0212 .0175 .0169 .0179 .0236 .0721
 .0038 .0154 .0345 .0575 .0792 .0947 .1011 .0987 .0918 .0787 .0667 .0538 .0431 .0335 .0256 .0199 .0162 .0150 .0150 .0176 .0384
 .0091 .0316 .0614 .0885 .1062 .1125 .1064 .0909 .0742 .0575 .0453 .0363 .0291 .0233 .0193 .0172 .0155 .0154 .0155 .0169 .0281
 .0020 .0102 .0275 .0516 .0759 .0970 .1043 .1024 .0917 .0782 .0644 .0527 .0405 .0303 .0228 .0185 .0165 .0157 .0176 .0198 .0525
 .0061 .0228 .0475 .0738 .0957 .1060 .1062 .0984 .0840 .0683 .0556 .0454 .0348 .0272 .0212 .0171 .0151 .0139 .0136 .0158 .0311
 .0121 .0412 .0783 .1080 .1230 .1202 .1048 .0836 .0618 .0459 .0345 .0286 .0240 .0213 .0179 .0166 .0152 .0136 .0147 .0144 .0203
 .0040 .0161 .0389 .0678 .0949 .1079 .1071 .0981 .0810 .0657 .0521 .0428 .0329 .0259 .0213 .0184 .0164 .0161 .0163 .0210 .0476
 .0078 .0300 .0622 .0920 .1117 .1165 .1095 .0937 .0742 .0592 .0454 .0364 .0285 .0229 .0181 .0147 .0139 .0132 .0133 .0136 .0232
 .0161 .0522 .0949 .1246 .1337 .1244 .1008 .0752 .0522 .0376 .0281 .0237 .0221 .0191 .0164 .0151 .0137 .0123 .0123 .0117 .0137
 .0054 .0230 .0535 .0830 .1079 .1166 .1087 .0912 .0716 .0582 .0431 .0361 .0289 .0236 .0194 .0173 .0159 .0153 .0163 .0185 .0380
 .0109 .0396 .0778 .1102 .1247 .1214 .1073 .0862 .0650 .0484 .0373 .0290 .0248 .0199 .0164 .0146 .0131 .0128 .0116 .0120 .0176
 .0207 .0655 .1143 .1402 .1412 .1228 .0954 .0649 .0427 .0288 .0226 .0200 .0193 .0177 .0162 .0142 .0123 .0119 .0098 .0098 .0100
 .0084 .0335 .0705 .1038 .1223 .1208 .1041 .0821 .0587 .0425 .0346 .0287 .0266 .0226 .0189 .0184 .0173 .0163 .0161 .0173 .0283
 .0141 .0491 .0931 .1246 .1369 .1257 .1051 .0792 .0559 .0383 .0301 .0239 .0209 .0178 .0159 .0134 .0119 .0103 .0099 .0098 .0136
 .0264 .0776 .1286 .1542 .1459 .1201 .0880 .0572 .0354 .0237 .0188 .0191 .0180 .0165 .0146 .0125 .0103 .0097 .0087 .0077 .0067
 .0132 .0471 .0879 .1209 .1301 .1203 .0968 .0709 .0504 .0355 .0307 .0273 .0245 .0212 .0190 .0165 .0156 .0146 .0136 .0141 .0206
 .0181 .0596 .1082 .1400 .1436 .1267 .0983 .0699 .0469 .0312 .0246 .0214 .0193 .0163 .0146 .0129 .0116 .0101 .0084 .0088 .0095
 .0315 .0934 .1455 .1651 .1490 .1150 .0785 .0492 .0287 .0187 .0159 .0161 .0168 .0149 .0133 .0125 .0100 .0081 .0073 .0057 .0047
 .0195 .0628 .1093 .1380 .1355 .1156 .0870 .0587 .0386 .0274 .0239 .0240 .0230 .0208 .0193 .0176 .0167 .0146 .0130 .0123 .0139
 .0198 .0669 .1179 .1499 .1508 .1270 .0966 .0658 .0426 .0279 .0213 .0182 .0164 .0145 .0132 .0112 .0100 .0086 .0079 .0073 .0063
 .0339 .1014 .1546 .1714 .1514 .1122 .0764 .0468 .0271 .0170 .0137 .0146 .0153 .0142 .0122 .0106 .0086 .0066 .0057 .0042 .0023
 .0188 .0618 .1102 .1404 .1413 .1195 .0902 .0628 .0402 .0272 .0235 .0229 .0222 .0207 .0182 .0156 .0135 .0126 .0103 .0094 .0104
 .0235 .0765 .1314 .1605 .1546 .1263 .0896 .0593 .0359 .0233 .0173 .0167 .0161 .0147 .0125 .0105 .0086 .0076 .0070 .0049 .0036
 .0397 .1121 .1696 .1803 .1508 .1084 .0690 .0395 .0212 .0141 .0119 .0134 .0144 .0129 .0109 .0089 .0071 .0060 .0049 .0035 .0017
 .0237 .0752 .1246 .1507 .1410 .1135 .0810 .0513 .0314 .0229 .0208 .0230 .0234 .0218 .0186 .0156 .0132 .0120 .0107 .0092 .0078
 .0273 .0857 .1432 .1697 .1579 .1229 .0839 .0525 .0305 .0195 .0153 .0144 .0144 .0128 .0119 .0098 .0078 .0068 .0052 .0042 .0036
 .0453 .1240 .1818 .1856 .1499 .1034 .0624 .0340 .0187 .0120 .0112 .0128 .0127 .0113 .0097 .0077 .0061 .0047 .0031 .0020 .0014
 .0302 .0873 .1390 .1557 .1412 .1076 .0724 .0450 .0280 .0210 .0206 .0224 .0231 .0205 .0174 .0148 .0129 .0101 .0091 .0074 .0064
 .0313 .0971 .1552 .1782 .1601 .1187 .0781 .0463 .0261 .0165 .0132 .0132 .0130 .0122 .0099 .0084 .0070 .0059 .0044 .0027 .0026
 .0492 .1351 .1915 .1916 .1497 .0996 .0556 .0296 .0156 .0093 .0098 .0111 .0112 .0105 .0092 .0072 .0049 .0034 .0027 .0018 .0014
 .0337 .0987 .1505 .1631 .1402 .1021 .0659 .0400 .0243 .0190 .0188 .0205 .0211 .0189 .0167 .0150 .0127 .0106 .0087 .0066 .0051
 .0344 .1057 .1667 .1843 .1594 .1151 .0733 .0410 .0229 .0139 .0118 .0116 .0121 .0112 .0100 .0079 .0061 .0047 .0035 .0027 .0017
 .0551 .1438 .2030 .1950 .1459 .0945 .0525 .0258 .0126 .0087 .0087 .0106 .0109 .0098 .0079 .0056 .0041 .0021 .0016 .0014 .0014
 .0415 .1125 .1641 .1681 .1371 .0986 .0604 .0337 .0196 .0156 .0173 .0206 .0208 .0191 .0167 .0137 .0107 .0082 .0064 .0043 .0033
 .0393 .1149 .1762 .1914 .1584 .1105 .0675 .0365 .0198 .0119 .0098 .0115 .0118 .0113 .0085 .0074 .0053 .0037 .0024 .0014 .0014
 .0579 .1548 .2113 .1971 .1435 .0891 .0477 .0237 .0112 .0075 .0077 .0098 .0101 .0085 .0067 .0049 .0036 .0023 .0015 .0014 .0014
 .0483 .1226 .1717 .1699 .1338 .0894 .0530 .0288 .0171 .0136 .0160 .0205 .0219 .0211 .0174 .0153 .0110 .0081 .0060 .0040 .0021
 .0432 .1255 .1879 .1930 .1562 .1046 .0625 .0332 .0172 .0100 .0099 .0107 .0110 .0101 .0082 .0059 .0036 .0030 .0020 .0016 .0014
 .0651 .1639 .2171 .1972 .1414 .0853 .0442 .0205 .0100 .0068 .0071 .0091 .0093 .0082 .0060 .0040 .0022 .0016 .0014 .0014 .0014
 .0573 .1375 .1800 .1694 .1294 .0839 .0490 .0257 .0149 .0121 .0155 .0206 .0216 .0194 .0159 .0126 .0091 .0070 .0050 .0041 .0020
 .0482 .1365 .1970 .1977 .1542 .0987 .0564 .0294 .0147 .0090 .0087 .0103 .0105 .0087 .0063 .0046 .0033 .0023 .0018 .0016 .0014
 .0699 .1760 .2250 .1961 .1366 .0787 .0403 .0190 .0084 .0062 .0067 .0080 .0088 .0071 .0055 .0035 .0023 .0016 .0014 .0014 .0014
 .0665 .1531 .1896 .1688 .1202 .0743 .0416 .0220 .0122 .0123 .0168 .0206 .0217 .0182 .0144 .0117 .0097 .0076 .0050 .0038 .0014
 .0523 .1420 .2020 .1989 .1528 .0978 .0533 .0268 .0133 .0078 .0082 .0094 .0096 .0078 .0061 .0046 .0030 .0020 .0016 .0015 .0014
 .0758 .1836 .2282 .1983 .1331 .0745 .0365 .0171 .0078 .0054 .0060 .0080 .0078 .0066 .0043 .0029 .0018 .0014 .0014 .0014 .0014
 .0777 .1660 .1949 .1679 .1169 .0697 .0378 .0202 .0108 .0101 .0148 .0198 .0209 .0179 .0136 .0112 .0089 .0057 .0040 .0019 .0014
 .0553 .1492 .2104 .2013 .1515 .0937 .0501 .0238 .0120 .0072 .0071 .0084 .0082 .0068 .0052 .0037 .0029 .0020 .0016 .0014 .0014
 .0759 .1849 .2314 .2005 .1329 .0736 .0359 .0160 .0074 .0049 .0059 .0067 .0071 .0057 .0045 .0027 .0018 .0015 .0014 .0014 .0014
 .0786 .1670 .2007 .1674 .1155 .0686 .0354 .0167 .0098 .0102 .0151 .0198 .0200 .0180 .0143 .0111 .0090 .0067 .0043 .0018 .0014
 .0571 .1554 .2123 .2022 .1485 .0916 .0482 .0227 .0105 .0069 .0071 .0088 .0081 .0067 .0052 .0039 .0022 .0016 .0016 .0014 .0014
 .0787 .1900 .2350 .1991 .1323 .0720 .0348 .0157 .0065 .0044 .0051 .0062 .0060 .0052 .0039 .0023 .0015 .0014 .0014 .0014 .0014
 .0813 .1723 .2017 .1678 .1141 .0663 .0348 .0176 .0102 .0109 .0154 .0210 .0199 .0170 .0127 .0107 .0073 .0053 .0036 .0014 .0014
 .0603 .1594 .2174 .2048 .1467 .0883 .0461 .0217 .0099 .0063 .0063 .0073 .0079 .0059 .0043 .0027 .0022 .0016 .0014 .0014 .0014
 .0792 .1916 .2383 .2005 .1306 .0722 .0332 .0141 .0060 .0044 .0048 .0058 .0057 .0047 .0036 .0021 .0017 .0015 .0014 .0014 .0014
 .0818 .1727 .2014 .1697 .1126 .0648 .0321 .0151 .0084 .0102 .0171 .0212 .0214 .0186 .0146 .0103 .0076 .0054 .0037 .0016 .0014
 .0628 .1637 .2209 .2030 .1459 .0860 .0451 .0204 .0097 .0058 .0069 .0077 .0076 .0058 .0036 .0028 .0019 .0015 .0014 .0014 .0014
 .0845 .1990 .2394 .1982 .1295 .0685 .0314 .0131 .0054 .0036 .0041 .0053 .0057 .0045 .0032 .0020 .0016 .0014 .0014 .0014 .0014
 .0868 .1768 .1997 .1672 .1129 .0632 .0316 .0150 .0080 .0095 .0158 .0217 .0235 .0190 .0146 .0109 .0071 .0047 .0029 .0014 .0014
 .0664 .1716 .2257 .2056 .1442 .0839 .0396 .0184 .0082 .0049 .0054 .0067 .0065 .0045 .0030 .0019 .0016 .0016 .0014 .0014 .0014
 .0866 .2039 .2427 .1994 .1262 .0651 .0294 .0121 .0050 .0034 .0044 .0053 .0050 .0045 .0029 .0020 .0014 .0014 .0014 .0014 .0014
 .0939 .1851 .2022 .1633 .1052 .0586 .0290 .0135 .0077 .0095 .0160 .0213 .0228 .0193 .0147 .0106 .0073 .0056 .0038 .0016 .0014
 .0686 .1744 .2300 .2053 .1413 .0819 .0400 .0173 .0077 .0051 .0053 .0060 .0055 .0043 .0028 .0019 .0016 .0015 .0014 .0014 .0014
 .0893 .2073 .2470 .1968 .1239 .0635 .0286 .0111 .0049 .0032 .0041 .0044 .0049 .0040 .0030 .0018 .0014 .0014 .0014 .0014 .0014
 .0965 .1900 .2050 .1621 .1038 .0567 .0274 .0128 .0074 .0108 .0176 .0224 .0241 .0184 .0136 .0089 .0064 .0042 .0023 .0014 .0014
 .0697 .1773 .2322 .2066 .1410 .0806 .0398 .0173 .0073 .0041 .0046 .0053 .0050 .0039 .0023 .0015 .0015 .0014 .0014 .0014 .0014
 .0896 .2069 .2455 .1985 .1245 .0627 .0276 .0108 .0046 .0031 .0042 .0052 .0044 .0041 .0035 .0023 .0014 .0014 .0014 .0014 .0014
 .0956 .1875 .2020 .1590 .1033 .0554 .0281 .0125 .0072 .0097 .0168 .0225 .0238 .0206 .0160 .0113 .0084 .0051 .0036 .0024 .0014
  2013021700  has been     added 
  2013021600  has been     added
  2013021500  has been     added
  2013021300  has been     added
  2013021200  has been     added
  2013021100  has been     added
  2013021000  has been     added
  2013020900  has been     added
  2013020800  has been     added
  2013020700  has been     added
  2013020600  has been     added
  2013020500  has been     added
  2013020400  has been     added
  2013020300  has been     added
  2013020200  has been     added
  2013020100  has been     added
  2013013100  has been not added
  2013013100  has been     added
  2013013000  has been     added
  2013012900  has been     added
  2013012800  has been     added
  2013012700  has been     added
  2013012600  has been     added
  2013012500  has been     added
  2013012400  has been     added
  2013012300  has been     added
  2013012200  has been     added
  2013012100  has been     added
  2013012000  has been     added
  2013011900  has been     added
  2013011800  has been     added
  2013011700  has been     added
  2013011600  has been     added
  2013011500  has been     added
  2013011400  has been     added
  2013011300  has been     added
  2013011200  has been     added
  2013011100  has been     added
  2013011000  has been     added
  2013010900  has been     added
  2013010800  has been     added
  2013010700  has been     added
  2013010600  has been     added
  2013010500  has been     added
  2013010400  has been     added
