  Updated to 2013011600
 .0001 .0000 .0008 .0014 .0014 .0014 .0023 .0046 .0103 .0206 .0354 .0490 .0576 .0603 .0612 .0616 .0623 .0651 .0688 .0853 .3535
 .0000 .0000 .0006 .0014 .0015 .0026 .0046 .0089 .0173 .0306 .0486 .0639 .0721 .0744 .0721 .0702 .0669 .0655 .0658 .0716 .2636
 .0001 .0006 .0014 .0021 .0048 .0098 .0176 .0286 .0431 .0605 .0780 .0874 .0888 .0820 .0725 .0629 .0528 .0455 .0391 .0391 .1761
 .0000 .0002 .0010 .0014 .0014 .0019 .0033 .0062 .0125 .0248 .0417 .0570 .0661 .0676 .0678 .0692 .0675 .0685 .0721 .0849 .2883
 .0000 .0004 .0014 .0014 .0023 .0042 .0079 .0142 .0237 .0387 .0581 .0746 .0803 .0800 .0760 .0718 .0675 .0623 .0586 .0595 .2182
 .0000 .0008 .0015 .0026 .0058 .0114 .0202 .0315 .0465 .0644 .0793 .0908 .0887 .0794 .0691 .0591 .0478 .0419 .0356 .0371 .1786
 .0000 .0006 .0014 .0014 .0018 .0030 .0062 .0110 .0190 .0331 .0513 .0668 .0761 .0772 .0754 .0731 .0700 .0688 .0682 .0735 .2246
 .0000 .0008 .0014 .0018 .0042 .0077 .0136 .0219 .0344 .0508 .0700 .0835 .0882 .0846 .0779 .0695 .0610 .0548 .0478 .0475 .1805
 .0000 .0011 .0017 .0039 .0082 .0146 .0249 .0372 .0526 .0700 .0848 .0919 .0890 .0788 .0673 .0558 .0461 .0373 .0317 .0337 .1619
 .0001 .0013 .0015 .0020 .0036 .0064 .0111 .0189 .0284 .0447 .0617 .0790 .0849 .0834 .0791 .0724 .0668 .0613 .0578 .0577 .1797
 .0003 .0014 .0018 .0040 .0078 .0136 .0215 .0332 .0476 .0637 .0808 .0913 .0921 .0841 .0731 .0619 .0516 .0435 .0378 .0356 .1552
 .0000 .0012 .0020 .0050 .0105 .0181 .0303 .0449 .0599 .0762 .0883 .0931 .0874 .0755 .0634 .0506 .0403 .0324 .0289 .0310 .1531
 .0004 .0014 .0019 .0038 .0069 .0120 .0189 .0290 .0420 .0593 .0756 .0884 .0913 .0856 .0779 .0670 .0590 .0516 .0453 .0427 .1400
 .0011 .0015 .0034 .0070 .0138 .0224 .0344 .0474 .0625 .0782 .0889 .0937 .0898 .0774 .0641 .0521 .0411 .0336 .0292 .0297 .1293
 .0001 .0014 .0030 .0071 .0148 .0263 .0407 .0552 .0704 .0849 .0918 .0926 .0854 .0698 .0568 .0443 .0340 .0281 .0254 .0299 .1302
 .0012 .0018 .0035 .0074 .0128 .0217 .0316 .0428 .0576 .0722 .0867 .0931 .0892 .0810 .0702 .0567 .0491 .0395 .0338 .0323 .1170
 .0014 .0026 .0060 .0133 .0229 .0351 .0484 .0634 .0760 .0865 .0924 .0913 .0807 .0679 .0526 .0404 .0318 .0253 .0231 .0262 .1131
 .0004 .0015 .0044 .0106 .0202 .0339 .0491 .0653 .0779 .0868 .0926 .0892 .0784 .0630 .0492 .0386 .0297 .0247 .0238 .0287 .1237
 .0014 .0025 .0067 .0127 .0226 .0339 .0476 .0597 .0738 .0843 .0922 .0903 .0848 .0720 .0590 .0465 .0364 .0297 .0256 .0266 .0930
 .0015 .0046 .0113 .0223 .0360 .0511 .0661 .0791 .0870 .0909 .0896 .0821 .0698 .0548 .0412 .0308 .0236 .0207 .0198 .0240 .0936
 .0010 .0025 .0074 .0161 .0306 .0465 .0636 .0773 .0867 .0899 .0896 .0815 .0687 .0539 .0405 .0311 .0243 .0210 .0210 .0277 .1117
 .0014 .0044 .0117 .0218 .0353 .0489 .0625 .0754 .0832 .0892 .0902 .0854 .0735 .0595 .0462 .0365 .0283 .0226 .0206 .0240 .0797
 .0020 .0079 .0190 .0342 .0518 .0687 .0831 .0906 .0919 .0888 .0809 .0685 .0555 .0426 .0317 .0242 .0198 .0178 .0187 .0225 .0803
 .0014 .0035 .0102 .0227 .0391 .0576 .0746 .0860 .0902 .0892 .0834 .0719 .0589 .0446 .0337 .0269 .0221 .0206 .0209 .0289 .1068
 .0020 .0078 .0184 .0342 .0507 .0671 .0810 .0873 .0915 .0887 .0841 .0755 .0614 .0478 .0358 .0280 .0213 .0187 .0177 .0216 .0600
 .0030 .0125 .0286 .0494 .0685 .0843 .0945 .0960 .0928 .0819 .0705 .0574 .0452 .0343 .0262 .0202 .0174 .0163 .0172 .0218 .0618
 .0015 .0054 .0161 .0328 .0528 .0730 .0872 .0947 .0950 .0870 .0764 .0646 .0506 .0384 .0282 .0228 .0188 .0186 .0194 .0255 .0837
 .0030 .0127 .0290 .0491 .0680 .0847 .0945 .0952 .0912 .0835 .0723 .0617 .0497 .0377 .0270 .0219 .0181 .0166 .0166 .0202 .0482
 .0048 .0182 .0401 .0647 .0867 .1000 .1022 .0970 .0855 .0723 .0575 .0470 .0354 .0276 .0218 .0178 .0164 .0160 .0169 .0211 .0501
 .0018 .0086 .0227 .0442 .0671 .0862 .0971 .0978 .0898 .0788 .0663 .0536 .0423 .0327 .0242 .0198 .0182 .0184 .0206 .0270 .0742
 .0048 .0187 .0415 .0659 .0872 .1023 .1042 .0989 .0874 .0737 .0608 .0482 .0389 .0306 .0229 .0181 .0155 .0141 .0151 .0173 .0343
 .0068 .0263 .0536 .0833 .1032 .1121 .1093 .0941 .0777 .0603 .0480 .0372 .0300 .0236 .0188 .0167 .0155 .0152 .0160 .0174 .0344
 .0027 .0131 .0324 .0590 .0842 .1018 .1057 .1006 .0865 .0706 .0569 .0456 .0356 .0276 .0218 .0180 .0170 .0168 .0193 .0230 .0530
 .0069 .0260 .0552 .0836 .1044 .1121 .1089 .0957 .0788 .0621 .0509 .0400 .0309 .0238 .0191 .0159 .0150 .0142 .0144 .0159 .0259
 .0099 .0358 .0693 .1005 .1200 .1213 .1074 .0871 .0657 .0487 .0364 .0296 .0244 .0206 .0177 .0163 .0154 .0142 .0154 .0170 .0271
 .0047 .0192 .0460 .0746 .1004 .1090 .1073 .0933 .0749 .0582 .0456 .0374 .0291 .0236 .0199 .0183 .0176 .0179 .0189 .0239 .0517
 .0096 .0346 .0706 .1033 .1210 .1204 .1102 .0900 .0705 .0519 .0399 .0316 .0254 .0208 .0168 .0154 .0139 .0127 .0121 .0127 .0169
 .0138 .0459 .0878 .1205 .1312 .1248 .1033 .0788 .0560 .0401 .0298 .0245 .0217 .0187 .0166 .0150 .0139 .0127 .0131 .0145 .0171
 .0069 .0280 .0608 .0932 .1132 .1171 .1057 .0854 .0657 .0493 .0378 .0318 .0266 .0220 .0187 .0181 .0176 .0168 .0176 .0218 .0377
 .0128 .0447 .0874 .1215 .1328 .1250 .1047 .0800 .0589 .0417 .0322 .0264 .0229 .0193 .0166 .0146 .0132 .0120 .0109 .0106 .0127
 .0181 .0569 .1045 .1342 .1405 .1252 .0994 .0691 .0451 .0312 .0240 .0199 .0190 .0179 .0163 .0145 .0139 .0128 .0124 .0125 .0123
 .0103 .0383 .0767 .1085 .1241 .1176 .0984 .0737 .0516 .0378 .0308 .0268 .0256 .0233 .0207 .0208 .0205 .0199 .0200 .0208 .0254
 .0166 .0566 .1046 .1361 .1456 .1280 .1004 .0731 .0484 .0332 .0256 .0213 .0187 .0170 .0153 .0135 .0114 .0102 .0091 .0082 .0073
 .0227 .0707 .1223 .1495 .1466 .1234 .0901 .0599 .0379 .0252 .0193 .0188 .0184 .0170 .0151 .0131 .0115 .0113 .0101 .0089 .0074
 .0158 .0552 .0984 .1286 .1327 .1162 .0883 .0616 .0395 .0286 .0255 .0252 .0243 .0225 .0214 .0196 .0198 .0184 .0168 .0159 .0171
 .0214 .0687 .1213 .1517 .1487 .1251 .0928 .0619 .0402 .0262 .0213 .0195 .0179 .0161 .0138 .0128 .0109 .0097 .0081 .0071 .0050
 .0266 .0833 .1384 .1634 .1509 .1182 .0816 .0512 .0300 .0197 .0171 .0166 .0177 .0163 .0142 .0127 .0115 .0099 .0086 .0068 .0053
 .0236 .0704 .1169 .1387 .1326 .1073 .0784 .0509 .0318 .0230 .0220 .0245 .0252 .0244 .0224 .0211 .0206 .0178 .0157 .0142 .0108
 .0241 .0779 .1323 .1626 .1544 .1261 .0887 .0580 .0346 .0229 .0178 .0168 .0156 .0143 .0126 .0108 .0092 .0071 .0059 .0051 .0029
 .0305 .0931 .1495 .1719 .1565 .1161 .0790 .0475 .0283 .0175 .0146 .0150 .0148 .0148 .0120 .0108 .0090 .0072 .0057 .0046 .0025
 .0246 .0753 .1237 .1472 .1384 .1109 .0784 .0500 .0305 .0215 .0207 .0235 .0234 .0233 .0208 .0188 .0161 .0140 .0119 .0096 .0085
 .0282 .0889 .1469 .1711 .1562 .1207 .0825 .0504 .0293 .0190 .0155 .0152 .0155 .0142 .0121 .0097 .0076 .0065 .0050 .0037 .0015
 .0352 .1048 .1630 .1794 .1550 .1123 .0713 .0421 .0220 .0139 .0123 .0131 .0151 .0137 .0120 .0098 .0076 .0067 .0052 .0036 .0017
 .0288 .0846 .1350 .1520 .1374 .1042 .0713 .0435 .0260 .0189 .0194 .0231 .0254 .0247 .0224 .0189 .0158 .0144 .0112 .0087 .0067
 .0328 .1003 .1612 .1801 .1580 .1179 .0753 .0436 .0240 .0152 .0127 .0141 .0145 .0130 .0110 .0082 .0061 .0051 .0036 .0020 .0014
 .0405 .1171 .1796 .1865 .1545 .1075 .0649 .0361 .0193 .0117 .0108 .0128 .0129 .0112 .0099 .0078 .0061 .0045 .0029 .0021 .0014
 .0352 .0996 .1491 .1597 .1359 .0995 .0632 .0368 .0219 .0177 .0195 .0234 .0254 .0237 .0208 .0173 .0138 .0107 .0085 .0070 .0035
 .0369 .1104 .1705 .1873 .1587 .1120 .0687 .0388 .0203 .0125 .0125 .0138 .0137 .0126 .0103 .0074 .0054 .0042 .0027 .0014 .0014
 .0448 .1280 .1883 .1924 .1518 .1020 .0588 .0306 .0154 .0094 .0101 .0118 .0126 .0119 .0095 .0078 .0055 .0038 .0030 .0015 .0014
 .0386 .1069 .1583 .1663 .1345 .0954 .0576 .0331 .0192 .0157 .0182 .0229 .0246 .0231 .0198 .0169 .0143 .0107 .0075 .0051 .0027
 .0416 .1207 .1830 .1917 .1584 .1076 .0641 .0338 .0176 .0109 .0112 .0121 .0122 .0107 .0084 .0060 .0044 .0026 .0014 .0014 .0014
 .0507 .1404 .2005 .1983 .1507 .0966 .0534 .0268 .0128 .0080 .0089 .0104 .0109 .0102 .0078 .0055 .0039 .0021 .0014 .0014 .0014
 .0494 .1256 .1732 .1686 .1340 .0894 .0511 .0276 .0156 .0136 .0181 .0221 .0227 .0215 .0174 .0139 .0098 .0077 .0058 .0035 .0021
 .0467 .1324 .1926 .1972 .1535 .1010 .0583 .0299 .0154 .0099 .0094 .0112 .0116 .0104 .0075 .0055 .0036 .0020 .0014 .0014 .0014
 .0569 .1527 .2095 .1976 .1462 .0908 .0479 .0221 .0103 .0071 .0082 .0107 .0105 .0096 .0072 .0049 .0036 .0021 .0014 .0014 .0014
 .0602 .1409 .1814 .1678 .1239 .0795 .0445 .0226 .0128 .0119 .0173 .0228 .0234 .0213 .0173 .0141 .0108 .0082 .0062 .0039 .0016
 .0544 .1438 .2024 .1957 .1503 .0958 .0539 .0274 .0131 .0082 .0089 .0101 .0099 .0091 .0067 .0046 .0027 .0014 .0014 .0014 .0014
 .0631 .1632 .2167 .2007 .1434 .0854 .0440 .0202 .0095 .0062 .0074 .0085 .0089 .0077 .0059 .0041 .0020 .0014 .0014 .0014 .0014
 .0732 .1593 .1915 .1669 .1190 .0721 .0381 .0195 .0108 .0107 .0154 .0213 .0221 .0198 .0154 .0119 .0082 .0058 .0045 .0033 .0029
 .0561 .1517 .2091 .1987 .1499 .0914 .0491 .0237 .0116 .0077 .0081 .0099 .0099 .0080 .0059 .0037 .0023 .0014 .0014 .0014 .0014
 .0680 .1709 .2235 .1989 .1397 .0798 .0399 .0177 .0084 .0063 .0073 .0087 .0089 .0075 .0057 .0040 .0023 .0014 .0014 .0014 .0014
 .0801 .1682 .1957 .1628 .1120 .0666 .0348 .0167 .0099 .0123 .0183 .0224 .0231 .0198 .0155 .0113 .0083 .0059 .0040 .0026 .0014
 .0588 .1559 .2148 .2043 .1489 .0898 .0457 .0217 .0106 .0067 .0076 .0092 .0093 .0066 .0045 .0025 .0014 .0014 .0014 .0014 .0014
 .0732 .1806 .2271 .2013 .1364 .0759 .0372 .0169 .0079 .0051 .0060 .0076 .0075 .0061 .0046 .0034 .0017 .0014 .0014 .0014 .0014
 .0875 .1785 .2018 .1651 .1109 .0626 .0320 .0158 .0091 .0100 .0156 .0209 .0225 .0182 .0137 .0098 .0080 .0048 .0031 .0015 .0014
 .0613 .1619 .2209 .2041 .1458 .0857 .0438 .0204 .0103 .0068 .0075 .0091 .0081 .0061 .0039 .0020 .0015 .0014 .0014 .0014 .0014
 .0749 .1840 .2316 .2010 .1333 .0732 .0353 .0151 .0066 .0051 .0060 .0073 .0076 .0065 .0049 .0034 .0018 .0014 .0014 .0014 .0014
 .0874 .1791 .2047 .1638 .1068 .0594 .0300 .0142 .0092 .0119 .0178 .0230 .0228 .0185 .0140 .0098 .0074 .0054 .0036 .0016 .0014
 .0635 .1666 .2245 .2062 .1446 .0849 .0425 .0193 .0085 .0059 .0060 .0078 .0072 .0051 .0036 .0019 .0015 .0014 .0014 .0014 .0014
 .0762 .1863 .2371 .2013 .1339 .0725 .0342 .0141 .0060 .0044 .0048 .0066 .0067 .0056 .0042 .0029 .0018 .0014 .0014 .0014 .0014
 .0890 .1839 .2059 .1666 .1083 .0591 .0292 .0137 .0078 .0096 .0156 .0212 .0223 .0184 .0136 .0107 .0075 .0051 .0032 .0014 .0014
 .0675 .1750 .2275 .2046 .1415 .0804 .0400 .0184 .0079 .0055 .0062 .0070 .0067 .0048 .0029 .0017 .0014 .0014 .0014 .0014 .0014
 .0787 .1946 .2388 .2004 .1291 .0689 .0318 .0129 .0057 .0042 .0058 .0069 .0069 .0053 .0038 .0027 .0014 .0014 .0014 .0014 .0014
 .0960 .1891 .2038 .1616 .1023 .0551 .0264 .0120 .0072 .0101 .0169 .0226 .0232 .0203 .0151 .0105 .0074 .0049 .0038 .0024 .0014
 .0714 .1799 .2329 .2054 .1392 .0777 .0375 .0157 .0069 .0049 .0062 .0064 .0058 .0040 .0024 .0014 .0014 .0014 .0014 .0014 .0014
 .0849 .2014 .2416 .1999 .1260 .0654 .0300 .0122 .0049 .0036 .0046 .0057 .0059 .0051 .0040 .0023 .0014 .0014 .0014 .0014 .0014
 .1022 .1952 .2084 .1606 .0990 .0519 .0242 .0118 .0069 .0101 .0160 .0216 .0225 .0193 .0147 .0103 .0072 .0047 .0031 .0014 .0014
 .0732 .1848 .2357 .2062 .1374 .0764 .0346 .0150 .0064 .0047 .0049 .0058 .0050 .0037 .0022 .0014 .0014 .0014 .0014 .0014 .0014
 .0899 .2079 .2413 .1959 .1225 .0623 .0285 .0117 .0049 .0036 .0048 .0057 .0060 .0056 .0036 .0023 .0014 .0014 .0014 .0014 .0014
 .1076 .2008 .2054 .1553 .0944 .0490 .0224 .0104 .0064 .0100 .0173 .0231 .0240 .0201 .0152 .0112 .0079 .0054 .0033 .0014 .0014
 .0764 .1870 .2391 .2060 .1352 .0730 .0339 .0143 .0061 .0047 .0048 .0055 .0047 .0033 .0022 .0014 .0014 .0014 .0014 .0014 .0014
 .0891 .2068 .2464 .1974 .1237 .0628 .0272 .0111 .0043 .0033 .0043 .0051 .0057 .0043 .0032 .0021 .0014 .0014 .0014 .0014 .0014
 .1076 .2022 .2092 .1568 .0954 .0476 .0216 .0098 .0065 .0108 .0178 .0232 .0254 .0195 .0137 .0097 .0070 .0042 .0022 .0014 .0014
 .0770 .1895 .2413 .2037 .1340 .0725 .0337 .0145 .0061 .0042 .0051 .0052 .0045 .0028 .0019 .0014 .0014 .0014 .0014 .0014 .0014
 .0855 .2051 .2458 .1993 .1267 .0627 .0273 .0105 .0046 .0031 .0044 .0054 .0053 .0043 .0039 .0025 .0016 .0014 .0014 .0014 .0014
 .1023 .1988 .2086 .1551 .0945 .0491 .0230 .0101 .0069 .0105 .0176 .0225 .0228 .0197 .0163 .0114 .0093 .0060 .0039 .0028 .0014
  2013011600  has been     added 
  2013011500  has been     added
  2013011400  has been     added
  2013011300  has been     added
  2013011200  has been     added
  2013011100  has been     added
  2013011000  has been     added
  2013010900  has been     added
  2013010800  has been     added
  2013010700  has been     added
  2013010600  has been     added
  2013010500  has been     added
  2013010400  has been     added
  2013010300  has been     added
  2013010200  has been     added
  2013010100  has been     added
  2012123100  has been     added
  2012123000  has been     added
  2012122900  has been     added
  2012122800  has been     added
  2012122700  has been     added
  2012122600  has been     added
  2012122500  has been     added
  2012122400  has been     added
  2012122300  has been     added
  2012122200  has been     added
  2012122100  has been     added
  2012122000  has been     added
  2012121900  has been     added
  2012121800  has been not added
  2012121800  has been     added
  2012121700  has been     added
  2012121600  has been     added
  2012121500  has been     added
  2012121300  has been     added
  2012121200  has been     added
  2012121100  has been     added
  2012121000  has been     added
  2012120900  has been     added
  2012120800  has been     added
  2012120700  has been     added
  2012120600  has been     added
  2012120400  has been     added
  2012120300  has been     added
  2012120200  has been     added
