  Updated to 2013022500
 .0001 .0000 .0008 .0014 .0014 .0014 .0022 .0039 .0089 .0190 .0342 .0491 .0566 .0600 .0611 .0609 .0630 .0656 .0699 .0854 .3595
 .0000 .0000 .0006 .0014 .0015 .0028 .0054 .0096 .0188 .0321 .0517 .0681 .0757 .0786 .0743 .0712 .0680 .0654 .0634 .0665 .2467
 .0001 .0006 .0014 .0018 .0034 .0074 .0139 .0231 .0373 .0540 .0736 .0867 .0886 .0854 .0755 .0666 .0580 .0513 .0437 .0419 .1793
 .0000 .0002 .0010 .0014 .0014 .0017 .0028 .0057 .0114 .0242 .0408 .0559 .0665 .0689 .0674 .0674 .0679 .0684 .0740 .0842 .2930
 .0000 .0004 .0014 .0014 .0025 .0050 .0090 .0153 .0263 .0426 .0618 .0774 .0841 .0831 .0771 .0711 .0651 .0599 .0557 .0558 .2061
 .0000 .0008 .0014 .0019 .0042 .0082 .0153 .0257 .0406 .0592 .0782 .0893 .0903 .0852 .0739 .0630 .0533 .0458 .0394 .0376 .1797
 .0000 .0006 .0014 .0014 .0014 .0026 .0053 .0100 .0170 .0322 .0498 .0656 .0747 .0760 .0751 .0725 .0710 .0697 .0682 .0757 .2332
 .0000 .0008 .0014 .0024 .0050 .0095 .0162 .0254 .0379 .0553 .0742 .0874 .0895 .0842 .0770 .0668 .0579 .0507 .0434 .0429 .1731
 .0000 .0011 .0016 .0023 .0056 .0110 .0198 .0316 .0459 .0655 .0816 .0917 .0911 .0814 .0706 .0598 .0508 .0414 .0354 .0367 .1679
 .0001 .0013 .0014 .0017 .0028 .0055 .0096 .0167 .0271 .0425 .0616 .0780 .0834 .0840 .0799 .0726 .0686 .0632 .0587 .0591 .1843
 .0003 .0014 .0022 .0049 .0097 .0164 .0257 .0377 .0524 .0681 .0837 .0923 .0918 .0819 .0699 .0585 .0479 .0403 .0346 .0338 .1469
 .0000 .0012 .0014 .0035 .0074 .0143 .0250 .0381 .0551 .0722 .0867 .0944 .0909 .0806 .0678 .0553 .0449 .0363 .0310 .0316 .1549
 .0004 .0014 .0016 .0027 .0056 .0097 .0173 .0260 .0390 .0567 .0738 .0890 .0914 .0848 .0783 .0687 .0616 .0527 .0469 .0450 .1488
 .0011 .0021 .0046 .0093 .0169 .0267 .0392 .0527 .0675 .0819 .0905 .0933 .0868 .0730 .0598 .0478 .0376 .0311 .0269 .0288 .1242
 .0001 .0014 .0021 .0051 .0109 .0205 .0336 .0496 .0649 .0824 .0911 .0945 .0894 .0747 .0614 .0477 .0382 .0297 .0269 .0293 .1388
 .0012 .0014 .0024 .0058 .0109 .0183 .0280 .0398 .0552 .0700 .0861 .0936 .0922 .0824 .0717 .0588 .0492 .0409 .0357 .0351 .1224
 .0014 .0038 .0090 .0170 .0285 .0413 .0549 .0685 .0804 .0876 .0909 .0877 .0769 .0619 .0481 .0372 .0292 .0238 .0222 .0255 .1048
 .0004 .0014 .0032 .0074 .0157 .0278 .0437 .0600 .0750 .0864 .0940 .0923 .0835 .0677 .0529 .0416 .0328 .0260 .0244 .0268 .1289
 .0014 .0018 .0052 .0101 .0192 .0300 .0428 .0572 .0702 .0830 .0918 .0935 .0856 .0733 .0602 .0475 .0383 .0315 .0277 .0288 .1028
 .0016 .0061 .0158 .0283 .0431 .0584 .0718 .0821 .0882 .0890 .0858 .0762 .0639 .0495 .0376 .0285 .0227 .0206 .0207 .0253 .0854
 .0010 .0016 .0054 .0125 .0249 .0400 .0576 .0727 .0855 .0931 .0946 .0863 .0739 .0578 .0440 .0340 .0262 .0216 .0204 .0267 .1136
 .0014 .0035 .0086 .0179 .0303 .0441 .0593 .0712 .0811 .0887 .0924 .0860 .0771 .0626 .0491 .0388 .0303 .0248 .0222 .0247 .0872
 .0031 .0111 .0249 .0423 .0594 .0747 .0868 .0916 .0900 .0844 .0752 .0633 .0504 .0384 .0293 .0231 .0197 .0182 .0194 .0241 .0700
 .0014 .0027 .0081 .0186 .0334 .0520 .0690 .0824 .0888 .0921 .0891 .0778 .0657 .0506 .0378 .0285 .0233 .0201 .0210 .0265 .1032
 .0016 .0058 .0153 .0291 .0443 .0604 .0751 .0851 .0895 .0889 .0854 .0769 .0646 .0515 .0394 .0298 .0234 .0200 .0195 .0225 .0724
 .0052 .0179 .0373 .0593 .0779 .0920 .0967 .0943 .0858 .0739 .0627 .0509 .0402 .0309 .0246 .0206 .0181 .0173 .0185 .0228 .0521
 .0014 .0044 .0131 .0279 .0466 .0663 .0815 .0923 .0952 .0897 .0813 .0687 .0560 .0422 .0318 .0249 .0204 .0187 .0201 .0265 .0826
 .0022 .0098 .0241 .0422 .0606 .0767 .0893 .0928 .0899 .0861 .0756 .0659 .0522 .0406 .0306 .0237 .0201 .0179 .0181 .0217 .0598
 .0080 .0266 .0520 .0761 .0952 .1043 .1015 .0921 .0789 .0633 .0520 .0415 .0326 .0260 .0209 .0176 .0168 .0164 .0172 .0207 .0398
 .0014 .0068 .0187 .0372 .0609 .0796 .0937 .0969 .0925 .0840 .0729 .0598 .0465 .0359 .0271 .0224 .0186 .0178 .0195 .0271 .0715
 .0037 .0147 .0339 .0571 .0780 .0938 .0991 .0970 .0893 .0764 .0654 .0526 .0422 .0323 .0251 .0203 .0168 .0163 .0168 .0198 .0497
 .0104 .0356 .0679 .0941 .1098 .1117 .1038 .0877 .0702 .0529 .0422 .0344 .0280 .0229 .0191 .0173 .0161 .0153 .0153 .0174 .0284
 .0022 .0102 .0273 .0511 .0750 .0954 .1033 .1011 .0913 .0772 .0636 .0520 .0407 .0303 .0232 .0197 .0176 .0170 .0189 .0217 .0533
 .0058 .0218 .0469 .0733 .0947 .1049 .1046 .0961 .0816 .0656 .0541 .0440 .0346 .0272 .0217 .0180 .0162 .0155 .0154 .0182 .0396
 .0146 .0464 .0855 .1142 .1250 .1191 .0993 .0783 .0567 .0420 .0321 .0270 .0233 .0210 .0185 .0168 .0154 .0143 .0149 .0152 .0207
 .0039 .0161 .0392 .0685 .0949 .1075 .1051 .0963 .0785 .0632 .0509 .0417 .0329 .0263 .0220 .0191 .0179 .0181 .0177 .0227 .0497
 .0076 .0295 .0606 .0903 .1096 .1144 .1055 .0906 .0716 .0566 .0444 .0355 .0289 .0235 .0191 .0164 .0156 .0154 .0158 .0164 .0328
 .0181 .0590 .1031 .1296 .1339 .1204 .0948 .0695 .0475 .0344 .0263 .0229 .0221 .0194 .0169 .0158 .0144 .0128 .0125 .0122 .0146
 .0050 .0229 .0530 .0819 .1058 .1142 .1048 .0885 .0693 .0559 .0422 .0354 .0296 .0245 .0209 .0187 .0174 .0169 .0181 .0217 .0449
 .0106 .0389 .0770 .1085 .1225 .1185 .1036 .0829 .0618 .0462 .0361 .0293 .0254 .0212 .0178 .0163 .0148 .0150 .0142 .0151 .0244
 .0236 .0713 .1203 .1443 .1406 .1184 .0897 .0596 .0387 .0263 .0211 .0197 .0195 .0186 .0167 .0147 .0131 .0124 .0102 .0103 .0113
 .0077 .0330 .0693 .1026 .1203 .1192 .1025 .0798 .0575 .0414 .0338 .0287 .0262 .0230 .0199 .0193 .0185 .0179 .0176 .0198 .0330
 .0140 .0479 .0916 .1227 .1330 .1228 .1001 .0749 .0530 .0369 .0293 .0243 .0224 .0189 .0177 .0155 .0145 .0131 .0130 .0133 .0203
 .0291 .0837 .1349 .1570 .1444 .1160 .0816 .0521 .0318 .0212 .0179 .0189 .0186 .0176 .0153 .0132 .0110 .0101 .0089 .0084 .0078
 .0131 .0457 .0867 .1197 .1272 .1181 .0927 .0671 .0474 .0334 .0295 .0273 .0250 .0220 .0202 .0178 .0173 .0172 .0165 .0182 .0287
 .0176 .0579 .1056 .1364 .1403 .1231 .0949 .0673 .0450 .0303 .0239 .0218 .0206 .0181 .0166 .0155 .0149 .0132 .0118 .0118 .0136
 .0353 .1002 .1514 .1672 .1446 .1093 .0732 .0444 .0259 .0167 .0148 .0163 .0174 .0159 .0143 .0132 .0111 .0093 .0077 .0059 .0055
 .0188 .0617 .1066 .1341 .1314 .1105 .0832 .0560 .0370 .0266 .0239 .0243 .0237 .0219 .0216 .0198 .0194 .0183 .0163 .0161 .0208
 .0193 .0651 .1154 .1462 .1460 .1226 .0927 .0627 .0407 .0267 .0212 .0193 .0183 .0165 .0159 .0143 .0133 .0117 .0110 .0100 .0110
 .0382 .1081 .1612 .1722 .1476 .1069 .0709 .0422 .0243 .0153 .0133 .0149 .0160 .0150 .0133 .0118 .0092 .0069 .0060 .0043 .0029
 .0186 .0611 .1088 .1359 .1369 .1144 .0852 .0589 .0377 .0262 .0232 .0240 .0239 .0225 .0204 .0186 .0161 .0160 .0154 .0134 .0142
 .0226 .0743 .1281 .1566 .1509 .1221 .0858 .0570 .0341 .0226 .0177 .0181 .0181 .0175 .0155 .0138 .0116 .0105 .0094 .0073 .0062
 .0428 .1188 .1753 .1799 .1471 .1024 .0636 .0353 .0187 .0127 .0112 .0141 .0154 .0144 .0121 .0103 .0082 .0068 .0053 .0035 .0018
 .0225 .0731 .1204 .1472 .1373 .1094 .0775 .0491 .0301 .0226 .0205 .0238 .0244 .0228 .0202 .0178 .0164 .0155 .0144 .0133 .0130
 .0260 .0839 .1389 .1646 .1517 .1184 .0816 .0496 .0295 .0192 .0158 .0166 .0171 .0164 .0149 .0129 .0113 .0102 .0079 .0070 .0063
 .0495 .1308 .1874 .1866 .1467 .0971 .0574 .0304 .0163 .0107 .0109 .0131 .0133 .0121 .0108 .0085 .0067 .0048 .0033 .0019 .0014
 .0288 .0850 .1352 .1526 .1369 .1043 .0696 .0429 .0265 .0206 .0208 .0233 .0244 .0223 .0195 .0178 .0161 .0140 .0128 .0097 .0093
 .0299 .0935 .1514 .1734 .1550 .1159 .0761 .0439 .0251 .0161 .0141 .0150 .0160 .0160 .0129 .0117 .0102 .0088 .0064 .0046 .0042
 .0535 .1422 .1966 .1909 .1439 .0940 .0511 .0264 .0136 .0085 .0100 .0115 .0126 .0116 .0105 .0080 .0059 .0037 .0028 .0019 .0014
 .0332 .0965 .1467 .1576 .1355 .0988 .0637 .0376 .0230 .0179 .0195 .0208 .0228 .0214 .0194 .0178 .0161 .0139 .0122 .0101 .0069
 .0332 .1030 .1620 .1794 .1546 .1109 .0699 .0392 .0215 .0140 .0126 .0140 .0155 .0153 .0136 .0117 .0096 .0074 .0056 .0037 .0032
 .0599 .1512 .2081 .1935 .1422 .0889 .0483 .0235 .0113 .0078 .0085 .0111 .0111 .0099 .0079 .0056 .0043 .0021 .0018 .0014 .0014
 .0400 .1095 .1593 .1630 .1327 .0943 .0573 .0325 .0183 .0157 .0179 .0223 .0224 .0210 .0189 .0160 .0141 .0122 .0101 .0082 .0061
 .0385 .1124 .1723 .1862 .1533 .1067 .0648 .0350 .0193 .0121 .0112 .0140 .0147 .0139 .0121 .0107 .0086 .0061 .0041 .0029 .0019
 .0625 .1606 .2151 .1959 .1408 .0846 .0443 .0214 .0098 .0068 .0076 .0100 .0102 .0087 .0071 .0052 .0039 .0025 .0019 .0015 .0014
 .0471 .1192 .1681 .1656 .1296 .0861 .0506 .0278 .0163 .0133 .0160 .0215 .0233 .0228 .0201 .0180 .0147 .0125 .0096 .0065 .0036
 .0424 .1232 .1839 .1887 .1510 .1006 .0601 .0312 .0161 .0102 .0110 .0128 .0131 .0137 .0118 .0094 .0069 .0060 .0039 .0029 .0019
 .0686 .1710 .2221 .1966 .1372 .0804 .0408 .0183 .0092 .0067 .0072 .0091 .0093 .0078 .0059 .0042 .0023 .0020 .0014 .0014 .0014
 .0541 .1334 .1758 .1653 .1261 .0806 .0470 .0243 .0141 .0122 .0161 .0212 .0229 .0221 .0184 .0159 .0128 .0110 .0084 .0069 .0033
 .0476 .1341 .1926 .1934 .1499 .0962 .0548 .0279 .0142 .0092 .0095 .0119 .0130 .0114 .0097 .0077 .0053 .0044 .0033 .0027 .0020
 .0749 .1849 .2282 .1944 .1316 .0740 .0366 .0170 .0073 .0055 .0068 .0086 .0092 .0075 .0057 .0034 .0023 .0015 .0014 .0014 .0014
 .0643 .1498 .1850 .1646 .1171 .0724 .0404 .0211 .0119 .0121 .0177 .0224 .0238 .0209 .0173 .0140 .0119 .0101 .0074 .0055 .0024
 .0525 .1414 .1983 .1934 .1475 .0945 .0513 .0254 .0127 .0078 .0090 .0113 .0129 .0114 .0092 .0073 .0056 .0037 .0029 .0025 .0014
 .0810 .1902 .2332 .1958 .1285 .0695 .0335 .0154 .0068 .0049 .0062 .0084 .0079 .0069 .0045 .0031 .0018 .0014 .0014 .0014 .0014
 .0787 .1636 .1906 .1617 .1124 .0660 .0361 .0188 .0107 .0103 .0156 .0208 .0228 .0201 .0168 .0142 .0118 .0089 .0066 .0039 .0019
 .0570 .1499 .2071 .1968 .1456 .0893 .0479 .0229 .0115 .0073 .0081 .0104 .0105 .0099 .0077 .0059 .0047 .0035 .0032 .0018 .0014
 .0801 .1919 .2362 .1979 .1276 .0692 .0334 .0144 .0067 .0046 .0061 .0073 .0075 .0059 .0046 .0026 .0017 .0014 .0014 .0014 .0014
 .0797 .1661 .1974 .1639 .1105 .0654 .0340 .0163 .0098 .0108 .0161 .0206 .0212 .0200 .0162 .0131 .0112 .0090 .0062 .0028 .0014
 .0587 .1555 .2089 .1966 .1440 .0875 .0465 .0220 .0102 .0072 .0083 .0107 .0111 .0094 .0078 .0063 .0041 .0029 .0021 .0014 .0014
 .0849 .1973 .2397 .1970 .1275 .0672 .0318 .0139 .0057 .0043 .0050 .0061 .0056 .0050 .0037 .0024 .0015 .0014 .0014 .0014 .0014
 .0825 .1716 .1977 .1635 .1110 .0642 .0331 .0169 .0099 .0111 .0158 .0217 .0218 .0190 .0155 .0140 .0095 .0068 .0044 .0015 .0014
 .0608 .1581 .2152 .2010 .1438 .0858 .0450 .0210 .0092 .0062 .0071 .0092 .0098 .0091 .0068 .0046 .0032 .0020 .0016 .0014 .0014
 .0840 .1987 .2415 .1999 .1260 .0675 .0301 .0125 .0054 .0043 .0055 .0063 .0058 .0046 .0034 .0020 .0014 .0014 .0014 .0014 .0014
 .0816 .1716 .2006 .1683 .1112 .0632 .0308 .0142 .0078 .0105 .0186 .0228 .0228 .0205 .0161 .0117 .0078 .0051 .0035 .0014 .0014
 .0634 .1630 .2184 .2000 .1421 .0839 .0440 .0199 .0094 .0058 .0076 .0093 .0100 .0083 .0058 .0045 .0032 .0018 .0014 .0014 .0014
 .0892 .2067 .2428 .1975 .1245 .0639 .0286 .0118 .0047 .0035 .0045 .0056 .0053 .0044 .0029 .0017 .0014 .0014 .0014 .0014 .0014
 .0878 .1777 .1997 .1666 .1099 .0616 .0305 .0143 .0080 .0096 .0172 .0222 .0239 .0206 .0157 .0115 .0073 .0043 .0024 .0014 .0014
 .0682 .1724 .2243 .2025 .1405 .0806 .0386 .0172 .0079 .0051 .0066 .0083 .0089 .0066 .0042 .0032 .0025 .0018 .0014 .0014 .0014
 .0926 .2112 .2444 .1968 .1217 .0608 .0277 .0106 .0047 .0037 .0048 .0055 .0050 .0042 .0026 .0016 .0014 .0014 .0014 .0014 .0014
 .0978 .1907 .2020 .1604 .1026 .0565 .0280 .0128 .0080 .0112 .0177 .0225 .0222 .0186 .0135 .0101 .0070 .0050 .0032 .0014 .0014
 .0702 .1764 .2294 .2026 .1382 .0786 .0383 .0162 .0074 .0057 .0063 .0073 .0073 .0056 .0041 .0028 .0023 .0016 .0014 .0014 .0014
 .0935 .2132 .2497 .1950 .1210 .0607 .0265 .0099 .0045 .0033 .0042 .0045 .0049 .0036 .0026 .0014 .0014 .0014 .0014 .0014 .0014
 .1001 .1939 .2075 .1622 .1022 .0548 .0263 .0119 .0073 .0109 .0172 .0228 .0235 .0179 .0129 .0081 .0058 .0038 .0018 .0014 .0014
 .0723 .1800 .2306 .2038 .1375 .0777 .0377 .0163 .0071 .0044 .0051 .0063 .0065 .0056 .0039 .0026 .0022 .0014 .0014 .0014 .0014
 .0946 .2123 .2478 .1972 .1216 .0595 .0252 .0099 .0043 .0031 .0044 .0052 .0044 .0038 .0029 .0017 .0014 .0014 .0014 .0014 .0014
 .1020 .1923 .2050 .1606 .1038 .0547 .0270 .0121 .0070 .0093 .0162 .0208 .0214 .0183 .0142 .0104 .0071 .0042 .0029 .0017 .0014
  2013022500  has been     added 
  2013022400  has been     added
  2013022300  has been     added
  2013022200  has been     added
  2013022100  has been     added
  2013022000  has been     added
  2013021900  has been     added
  2013021800  has been     added
  2013021700  has been     added
  2013021600  has been     added
  2013021500  has been     added
  2013021300  has been     added
  2013021200  has been     added
  2013021100  has been     added
  2013021000  has been     added
  2013020900  has been     added
  2013020800  has been     added
  2013020700  has been     added
  2013020600  has been     added
  2013020500  has been     added
  2013020400  has been     added
  2013020300  has been     added
  2013020200  has been     added
  2013020100  has been     added
  2013013100  has been not added
  2013013100  has been     added
  2013013000  has been     added
  2013012900  has been     added
  2013012800  has been     added
  2013012700  has been     added
  2013012600  has been     added
  2013012500  has been     added
  2013012400  has been     added
  2013012300  has been     added
  2013012200  has been     added
  2013012100  has been     added
  2013012000  has been     added
  2013011900  has been     added
  2013011800  has been     added
  2013011700  has been     added
  2013011600  has been     added
  2013011500  has been     added
  2013011400  has been     added
  2013011300  has been     added
  2013011200  has been     added
