  Updated to 2013040800
 .0001 .0000 .0008 .0014 .0014 .0014 .0016 .0031 .0076 .0167 .0306 .0460 .0525 .0561 .0575 .0592 .0606 .0629 .0688 .0839 .3922
 .0000 .0000 .0006 .0014 .0014 .0024 .0044 .0087 .0166 .0302 .0481 .0652 .0735 .0745 .0721 .0687 .0664 .0654 .0644 .0690 .2689
 .0001 .0006 .0014 .0014 .0022 .0057 .0104 .0177 .0300 .0467 .0640 .0802 .0847 .0801 .0728 .0634 .0559 .0497 .0441 .0436 .2391
 .0000 .0002 .0010 .0014 .0014 .0015 .0026 .0050 .0105 .0218 .0376 .0522 .0621 .0650 .0661 .0649 .0664 .0670 .0707 .0837 .3229
 .0000 .0004 .0014 .0015 .0025 .0047 .0082 .0145 .0246 .0400 .0602 .0744 .0821 .0802 .0755 .0689 .0651 .0598 .0565 .0582 .2227
 .0000 .0008 .0014 .0015 .0031 .0061 .0117 .0212 .0349 .0523 .0717 .0825 .0863 .0809 .0711 .0605 .0517 .0444 .0391 .0399 .2324
 .0000 .0006 .0014 .0014 .0015 .0024 .0045 .0085 .0167 .0297 .0468 .0627 .0715 .0722 .0734 .0703 .0688 .0674 .0692 .0741 .2600
 .0000 .0008 .0014 .0024 .0050 .0094 .0153 .0243 .0371 .0538 .0717 .0843 .0879 .0837 .0737 .0667 .0578 .0513 .0450 .0442 .1860
 .0000 .0011 .0014 .0018 .0045 .0093 .0161 .0274 .0420 .0613 .0773 .0879 .0875 .0803 .0691 .0576 .0478 .0404 .0354 .0348 .2104
 .0001 .0013 .0015 .0017 .0025 .0051 .0089 .0150 .0246 .0389 .0573 .0738 .0808 .0804 .0777 .0730 .0675 .0628 .0595 .0594 .2106
 .0003 .0014 .0022 .0052 .0100 .0166 .0250 .0376 .0518 .0668 .0831 .0899 .0883 .0805 .0690 .0588 .0485 .0402 .0361 .0346 .1546
 .0000 .0012 .0014 .0024 .0057 .0117 .0214 .0344 .0519 .0694 .0847 .0919 .0879 .0779 .0655 .0532 .0421 .0339 .0293 .0302 .1961
 .0004 .0014 .0017 .0030 .0054 .0091 .0158 .0233 .0353 .0522 .0699 .0844 .0885 .0843 .0772 .0698 .0618 .0534 .0481 .0470 .1702
 .0011 .0020 .0050 .0109 .0183 .0286 .0406 .0528 .0665 .0799 .0880 .0906 .0837 .0714 .0578 .0466 .0378 .0310 .0276 .0309 .1296
 .0001 .0014 .0018 .0039 .0087 .0173 .0291 .0440 .0616 .0782 .0893 .0938 .0865 .0718 .0591 .0463 .0360 .0295 .0255 .0282 .1810
 .0012 .0015 .0026 .0057 .0103 .0164 .0249 .0359 .0501 .0648 .0814 .0902 .0905 .0823 .0716 .0596 .0514 .0435 .0376 .0370 .1434
 .0014 .0044 .0102 .0192 .0308 .0436 .0557 .0700 .0781 .0854 .0873 .0835 .0737 .0597 .0473 .0369 .0300 .0256 .0243 .0270 .1074
 .0004 .0014 .0026 .0060 .0132 .0246 .0394 .0558 .0723 .0860 .0917 .0890 .0810 .0656 .0511 .0392 .0317 .0252 .0234 .0271 .1651
 .0015 .0022 .0050 .0102 .0175 .0266 .0379 .0519 .0654 .0777 .0872 .0926 .0863 .0746 .0624 .0501 .0406 .0331 .0294 .0305 .1189
 .0019 .0075 .0177 .0315 .0467 .0605 .0729 .0810 .0863 .0856 .0811 .0722 .0618 .0487 .0369 .0299 .0240 .0220 .0213 .0260 .0848
 .0010 .0014 .0042 .0098 .0211 .0351 .0527 .0695 .0845 .0918 .0925 .0855 .0736 .0571 .0434 .0327 .0257 .0215 .0201 .0262 .1430
 .0014 .0036 .0091 .0173 .0269 .0403 .0534 .0662 .0759 .0848 .0891 .0862 .0780 .0636 .0518 .0409 .0331 .0264 .0245 .0273 .1014
 .0035 .0129 .0290 .0459 .0636 .0776 .0863 .0876 .0854 .0796 .0713 .0610 .0502 .0391 .0295 .0244 .0207 .0192 .0205 .0247 .0673
 .0014 .0018 .0060 .0142 .0281 .0460 .0636 .0791 .0887 .0933 .0880 .0786 .0646 .0501 .0371 .0277 .0227 .0200 .0209 .0263 .1348
 .0017 .0062 .0148 .0265 .0406 .0547 .0693 .0779 .0846 .0874 .0858 .0784 .0674 .0540 .0422 .0321 .0249 .0215 .0209 .0253 .0834
 .0062 .0211 .0427 .0643 .0825 .0923 .0955 .0894 .0806 .0698 .0603 .0488 .0397 .0319 .0254 .0214 .0189 .0179 .0192 .0233 .0480
 .0014 .0036 .0106 .0227 .0411 .0616 .0790 .0895 .0945 .0900 .0826 .0691 .0557 .0416 .0305 .0235 .0197 .0184 .0203 .0267 .1098
 .0025 .0099 .0223 .0393 .0550 .0704 .0823 .0884 .0878 .0842 .0785 .0670 .0558 .0441 .0333 .0257 .0217 .0188 .0190 .0247 .0693
 .0094 .0311 .0580 .0835 .0982 .1036 .0988 .0881 .0729 .0596 .0477 .0396 .0330 .0268 .0221 .0187 .0176 .0173 .0180 .0192 .0359
 .0014 .0052 .0150 .0317 .0533 .0752 .0913 .0972 .0938 .0842 .0724 .0593 .0459 .0356 .0262 .0222 .0194 .0186 .0210 .0282 .0940
 .0041 .0142 .0317 .0529 .0720 .0858 .0920 .0933 .0879 .0789 .0680 .0573 .0466 .0348 .0275 .0221 .0177 .0169 .0182 .0227 .0558
 .0131 .0426 .0757 .1035 .1145 .1109 .0999 .0810 .0641 .0479 .0383 .0327 .0275 .0242 .0208 .0179 .0166 .0156 .0153 .0162 .0227
 .0020 .0082 .0237 .0457 .0709 .0910 .1019 .1023 .0937 .0785 .0642 .0510 .0389 .0292 .0233 .0190 .0177 .0187 .0202 .0264 .0652
 .0057 .0206 .0431 .0668 .0884 .0995 .0991 .0963 .0833 .0695 .0573 .0461 .0377 .0288 .0227 .0186 .0171 .0162 .0171 .0203 .0453
 .0188 .0550 .0962 .1217 .1258 .1139 .0943 .0708 .0523 .0378 .0297 .0265 .0239 .0218 .0197 .0174 .0157 .0139 .0136 .0134 .0175
 .0032 .0133 .0340 .0608 .0877 .1026 .1054 .0971 .0820 .0649 .0513 .0403 .0326 .0257 .0215 .0189 .0176 .0185 .0205 .0264 .0668
 .0079 .0289 .0575 .0854 .1037 .1099 .1037 .0913 .0739 .0595 .0476 .0390 .0299 .0247 .0193 .0171 .0157 .0153 .0159 .0192 .0353
 .0237 .0699 .1163 .1383 .1341 .1158 .0892 .0626 .0420 .0294 .0241 .0225 .0221 .0195 .0176 .0156 .0133 .0120 .0105 .0104 .0108
 .0047 .0210 .0487 .0820 .1059 .1161 .1071 .0900 .0693 .0534 .0409 .0338 .0271 .0228 .0198 .0183 .0172 .0180 .0201 .0260 .0501
 .0111 .0377 .0738 .1037 .1176 .1174 .1045 .0845 .0646 .0488 .0378 .0299 .0253 .0219 .0172 .0160 .0148 .0148 .0156 .0164 .0264
 .0296 .0849 .1353 .1519 .1409 .1126 .0806 .0528 .0337 .0226 .0195 .0197 .0200 .0191 .0174 .0145 .0119 .0103 .0089 .0076 .0071
 .0077 .0318 .0699 .1055 .1232 .1201 .1017 .0784 .0560 .0395 .0317 .0281 .0249 .0227 .0209 .0198 .0192 .0187 .0200 .0215 .0310
 .0137 .0480 .0885 .1183 .1291 .1209 .1008 .0787 .0561 .0399 .0302 .0255 .0227 .0188 .0178 .0160 .0142 .0139 .0133 .0146 .0191
 .0357 .1003 .1512 .1639 .1443 .1093 .0736 .0453 .0270 .0179 .0164 .0170 .0178 .0180 .0147 .0126 .0100 .0082 .0065 .0056 .0042
 .0116 .0435 .0863 .1203 .1303 .1200 .0943 .0684 .0459 .0321 .0268 .0254 .0235 .0226 .0213 .0197 .0192 .0192 .0176 .0180 .0249
 .0179 .0587 .1038 .1341 .1361 .1211 .0958 .0688 .0478 .0324 .0246 .0224 .0204 .0187 .0166 .0155 .0140 .0125 .0126 .0118 .0149
 .0428 .1151 .1680 .1743 .1460 .1019 .0661 .0371 .0209 .0134 .0133 .0150 .0162 .0155 .0141 .0115 .0088 .0074 .0052 .0041 .0029
 .0188 .0610 .1101 .1366 .1353 .1102 .0815 .0530 .0339 .0240 .0231 .0248 .0241 .0228 .0217 .0202 .0187 .0174 .0166 .0167 .0211
 .0212 .0673 .1161 .1448 .1427 .1197 .0927 .0639 .0419 .0273 .0211 .0194 .0190 .0168 .0156 .0139 .0128 .0108 .0111 .0105 .0110
 .0461 .1267 .1792 .1822 .1459 .1003 .0616 .0343 .0185 .0124 .0113 .0139 .0148 .0129 .0113 .0091 .0067 .0052 .0034 .0025 .0015
 .0177 .0617 .1136 .1449 .1446 .1180 .0869 .0557 .0342 .0251 .0218 .0233 .0227 .0214 .0187 .0168 .0144 .0131 .0121 .0119 .0125
 .0255 .0785 .1285 .1546 .1476 .1203 .0852 .0577 .0350 .0228 .0179 .0175 .0174 .0160 .0147 .0132 .0113 .0108 .0091 .0082 .0076
 .0518 .1396 .1935 .1868 .1423 .0951 .0551 .0298 .0154 .0103 .0103 .0120 .0125 .0113 .0094 .0076 .0061 .0042 .0030 .0017 .0018
 .0224 .0749 .1273 .1523 .1437 .1134 .0760 .0483 .0286 .0204 .0194 .0216 .0221 .0210 .0194 .0175 .0155 .0130 .0115 .0118 .0112
 .0294 .0884 .1429 .1643 .1512 .1161 .0809 .0488 .0290 .0186 .0155 .0155 .0162 .0157 .0146 .0124 .0105 .0101 .0079 .0066 .0051
 .0596 .1510 .2023 .1911 .1430 .0892 .0494 .0253 .0129 .0090 .0089 .0107 .0111 .0100 .0087 .0062 .0044 .0027 .0021 .0018 .0014
 .0289 .0897 .1429 .1613 .1430 .1056 .0685 .0403 .0238 .0179 .0190 .0221 .0223 .0210 .0178 .0165 .0141 .0120 .0098 .0081 .0066
 .0331 .0981 .1545 .1727 .1524 .1119 .0740 .0442 .0252 .0164 .0139 .0152 .0159 .0154 .0130 .0116 .0095 .0086 .0066 .0045 .0030
 .0646 .1613 .2099 .1931 .1403 .0852 .0451 .0227 .0111 .0075 .0082 .0100 .0103 .0090 .0072 .0053 .0036 .0020 .0019 .0016 .0014
 .0336 .0997 .1509 .1653 .1381 .0996 .0611 .0349 .0199 .0163 .0190 .0224 .0229 .0213 .0189 .0172 .0149 .0130 .0108 .0071 .0046
 .0368 .1090 .1662 .1797 .1543 .1090 .0688 .0387 .0210 .0135 .0122 .0139 .0150 .0141 .0119 .0101 .0087 .0064 .0052 .0039 .0018
 .0712 .1718 .2203 .1968 .1359 .0808 .0410 .0202 .0094 .0066 .0069 .0086 .0084 .0075 .0053 .0039 .0028 .0018 .0014 .0014 .0014
 .0415 .1177 .1673 .1725 .1368 .0930 .0553 .0298 .0166 .0138 .0165 .0212 .0220 .0190 .0167 .0142 .0118 .0095 .0074 .0054 .0030
 .0418 .1182 .1765 .1868 .1519 .1056 .0637 .0345 .0183 .0120 .0111 .0132 .0144 .0125 .0108 .0090 .0068 .0055 .0034 .0026 .0014
 .0759 .1818 .2264 .1958 .1336 .0766 .0378 .0179 .0079 .0056 .0066 .0074 .0076 .0062 .0047 .0032 .0022 .0020 .0016 .0014 .0014
 .0479 .1251 .1749 .1739 .1355 .0874 .0500 .0263 .0148 .0120 .0157 .0204 .0222 .0198 .0165 .0142 .0116 .0094 .0068 .0046 .0021
 .0481 .1329 .1896 .1884 .1494 .0989 .0582 .0301 .0153 .0093 .0095 .0124 .0129 .0122 .0103 .0079 .0056 .0043 .0027 .0014 .0014
 .0789 .1897 .2337 .1986 .1313 .0721 .0350 .0157 .0074 .0052 .0054 .0069 .0070 .0048 .0033 .0022 .0015 .0014 .0014 .0014 .0014
 .0582 .1444 .1894 .1776 .1293 .0796 .0436 .0221 .0121 .0108 .0150 .0194 .0206 .0185 .0155 .0124 .0087 .0066 .0043 .0026 .0014
 .0522 .1435 .2008 .1931 .1465 .0940 .0526 .0266 .0130 .0081 .0092 .0114 .0118 .0106 .0088 .0068 .0049 .0032 .0018 .0014 .0014
 .0828 .1983 .2376 .1966 .1283 .0681 .0323 .0142 .0060 .0046 .0056 .0068 .0065 .0045 .0038 .0020 .0017 .0014 .0014 .0014 .0014
 .0681 .1592 .1959 .1721 .1229 .0736 .0385 .0190 .0102 .0104 .0165 .0208 .0211 .0176 .0144 .0105 .0082 .0063 .0038 .0018 .0014
 .0574 .1520 .2077 .1955 .1465 .0899 .0491 .0235 .0110 .0071 .0083 .0099 .0108 .0100 .0080 .0057 .0041 .0024 .0014 .0014 .0014
 .0881 .2063 .2458 .1965 .1230 .0630 .0295 .0122 .0056 .0040 .0047 .0059 .0055 .0042 .0024 .0014 .0014 .0014 .0014 .0014 .0014
 .0782 .1771 .2078 .1751 .1181 .0666 .0335 .0155 .0087 .0096 .0144 .0174 .0182 .0163 .0128 .0088 .0062 .0037 .0026 .0014 .0014
 .0598 .1576 .2141 .1989 .1444 .0878 .0457 .0218 .0098 .0066 .0070 .0089 .0101 .0086 .0068 .0049 .0031 .0018 .0014 .0014 .0014
 .0901 .2078 .2464 .1974 .1209 .0624 .0278 .0114 .0054 .0036 .0049 .0058 .0058 .0042 .0027 .0015 .0014 .0014 .0014 .0014 .0014
 .0836 .1804 .2110 .1706 .1129 .0633 .0318 .0149 .0077 .0090 .0142 .0188 .0192 .0159 .0128 .0101 .0069 .0046 .0025 .0014 .0014
 .0625 .1629 .2156 .2014 .1448 .0865 .0443 .0207 .0095 .0058 .0068 .0084 .0089 .0078 .0059 .0041 .0021 .0014 .0014 .0014 .0014
 .0930 .2097 .2481 .1984 .1224 .0613 .0268 .0109 .0047 .0034 .0042 .0053 .0047 .0035 .0018 .0014 .0014 .0014 .0014 .0014 .0014
 .0886 .1884 .2165 .1735 .1145 .0628 .0297 .0143 .0073 .0078 .0121 .0169 .0173 .0145 .0107 .0071 .0045 .0027 .0014 .0014 .0014
 .0645 .1662 .2212 .2021 .1429 .0846 .0439 .0197 .0089 .0054 .0059 .0082 .0076 .0070 .0048 .0034 .0015 .0014 .0014 .0014 .0014
 .0907 .2100 .2496 .1987 .1226 .0613 .0268 .0105 .0044 .0032 .0040 .0051 .0044 .0037 .0021 .0014 .0014 .0014 .0014 .0014 .0014
 .0867 .1852 .2130 .1730 .1131 .0616 .0300 .0131 .0072 .0081 .0138 .0192 .0190 .0164 .0125 .0087 .0052 .0034 .0015 .0014 .0014
 .0689 .1735 .2242 .2037 .1427 .0819 .0414 .0183 .0081 .0048 .0051 .0068 .0072 .0056 .0035 .0024 .0014 .0014 .0014 .0014 .0014
 .0959 .2185 .2495 .1984 .1183 .0597 .0254 .0102 .0041 .0028 .0040 .0041 .0038 .0027 .0014 .0014 .0014 .0014 .0014 .0014 .0014
 .0989 .1999 .2197 .1760 .1116 .0593 .0275 .0119 .0064 .0069 .0121 .0150 .0150 .0118 .0079 .0049 .0031 .0015 .0014 .0014 .0014
 .0723 .1799 .2294 .2041 .1387 .0783 .0374 .0166 .0074 .0046 .0053 .0066 .0067 .0050 .0030 .0017 .0014 .0014 .0014 .0014 .0014
 .0975 .2196 .2529 .1956 .1170 .0582 .0247 .0098 .0039 .0029 .0035 .0037 .0038 .0026 .0014 .0014 .0014 .0014 .0014 .0014 .0014
 .1026 .2048 .2165 .1675 .1027 .0558 .0252 .0114 .0071 .0095 .0149 .0183 .0176 .0133 .0094 .0066 .0040 .0028 .0014 .0014 .0014
 .0729 .1798 .2321 .2061 .1401 .0797 .0392 .0162 .0067 .0043 .0045 .0051 .0051 .0038 .0021 .0014 .0014 .0014 .0014 .0014 .0014
 .1003 .2236 .2540 .1955 .1150 .0571 .0243 .0093 .0041 .0026 .0034 .0031 .0029 .0017 .0014 .0014 .0014 .0014 .0014 .0014 .0014
 .1071 .2086 .2245 .1710 .1060 .0558 .0263 .0116 .0060 .0079 .0126 .0149 .0140 .0103 .0069 .0037 .0024 .0014 .0014 .0014 .0014
 .0731 .1846 .2331 .2051 .1388 .0775 .0370 .0158 .0065 .0044 .0044 .0057 .0049 .0040 .0025 .0015 .0014 .0014 .0014 .0014 .0014
 .0987 .2206 .2558 .1975 .1165 .0569 .0238 .0087 .0037 .0025 .0033 .0035 .0029 .0020 .0014 .0014 .0014 .0014 .0014 .0014 .0014
 .1005 .1994 .2181 .1706 .1057 .0561 .0255 .0113 .0065 .0080 .0130 .0173 .0175 .0144 .0115 .0079 .0046 .0021 .0014 .0014 .0014
  2013040800  has been     added 
  2013040700  has been     added
  2013040600  has been     added
  2013040500  has been     added
  2013040400  has been     added
  2013040300  has been     added
  2013040200  has been     added
  2013040100  has been     added
  2013033100  has been     added
  2013033000  has been     added
  2013032900  has been     added
  2013032800  has been     added
  2013032700  has been     added
  2013032600  has been     added
  2013032500  has been     added
  2013032400  has been     added
  2013032300  has been     added
  2013032200  has been     added
  2013032100  has been     added
  2013032000  has been     added
  2013031900  has been     added
  2013031800  has been     added
  2013031700  has been     added
  2013031600  has been     added
  2013031500  has been     added
  2013031400  has been     added
  2013031300  has been     added
  2013031200  has been     added
  2013031100  has been     added
  2013031000  has been     added
  2013030900  has been     added
  2013030800  has been     added
  2013030700  has been     added
  2013030600  has been     added
  2013030500  has been not added
  2013030500  has been     added
  2013030400  has been     added
  2013030300  has been     added
  2013030200  has been     added
  2013030100  has been     added
  2013022800  has been not added
  2013022800  has been     added
  2013022700  has been     added
  2013022600  has been     added
  2013022500  has been     added
