fcpg=  .016  .039  .071  .092  .114  .162  .135  .091  .077  .059  .145
fcpg=  .064  .118  .160  .157  .132  .111  .070  .052  .041  .053  .043
fcpg=  .074  .160  .171  .158  .134  .117  .077  .043  .024  .023  .009
fcpg=  .027  .044  .069  .094  .120  .145  .123  .095  .059  .054  .169
fcpg=  .070  .158  .184  .147  .131  .087  .065  .050  .039  .037  .034
fcpg=  .022  .072  .116  .142  .135  .116  .073  .065  .060  .079  .111
fcpg=  .024  .074  .088  .115  .124  .137  .112  .081  .045  .042  .158
fcpg=  .100  .172  .197  .153  .102  .079  .062  .041  .033  .037  .023
fcpg=  .038  .107  .130  .127  .103  .091  .061  .051  .041  .054  .188
fcpg=  .020  .035  .071  .116  .139  .150  .120  .084  .064  .044  .158
fcpg=  .109  .198  .186  .140  .096  .083  .061  .041  .025  .031  .030
fcpg=  .034  .077  .098  .113  .102  .093  .083  .056  .052  .050  .234
fcpg=  .030  .062  .109  .149  .131  .138  .100  .062  .047  .042  .130
fcpg=  .113  .207  .207  .151  .092  .070  .059  .044  .025  .016  .017
fcpg=  .041  .087  .109  .114  .092  .087  .094  .090  .065  .050  .163
fcpg=  .027  .087  .123  .151  .138  .122  .091  .063  .041  .050  .107
fcpg=  .104  .203  .209  .142  .088  .054  .065  .053  .033  .023  .024
fcpg=  .019  .077  .107  .102  .079  .056  .067  .067  .075  .097  .246
fcpg=  .031  .080  .129  .140  .133  .123  .104  .066  .050  .047  .096
fcpg=  .112  .209  .207  .136  .079  .063  .054  .055  .028  .027  .031
fcpg=  .025  .046  .074  .085  .076  .072  .091  .094  .068  .094  .266
fcpg=  .033  .104  .137  .143  .128  .108  .081  .070  .054  .054  .089
fcpg=  .101  .223  .222  .143  .081  .064  .049  .028  .028  .025  .036
fcpg=  .019  .059  .096  .099  .072  .054  .066  .055  .065  .068  .338
fcpg=  .053  .132  .151  .137  .115  .097  .080  .062  .050  .049  .073
fcpg=  .104  .203  .226  .150  .081  .055  .058  .037  .019  .016  .050
fcpg=  .034  .067  .090  .083  .059  .061  .054  .059  .060  .085  .341
fcpg=  .069  .131  .155  .159  .124  .088  .069  .051  .038  .043  .074
fcpg=  .132  .250  .204  .128  .074  .061  .043  .025  .024  .019  .040
fcpg=  .051  .093  .092  .087  .063  .050  .042  .052  .053  .073  .337
fcpg=  .073  .161  .164  .154  .116  .082  .059  .047  .035  .038  .071
fcpg=  .144  .254  .220  .122  .075  .046  .043  .020  .025  .017  .034
fcpg=  .059  .103  .102  .080  .054  .048  .051  .053  .060  .074  .308
fcpg=  .089  .177  .193  .145  .114  .074  .056  .047  .029  .036  .039
fcpg=  .164  .254  .211  .122  .070  .054  .031  .029  .019  .016  .030
fcpg=  .058  .100  .096  .079  .060  .061  .053  .063  .060  .084  .278
fcpg=  .093  .191  .201  .151  .104  .076  .057  .047  .029  .030  .022
fcpg=  .171  .258  .207  .123  .069  .046  .035  .026  .031  .015  .019
fcpg=  .039  .087  .099  .089  .071  .086  .069  .059  .077  .108  .209
fcpg=  .110  .212  .198  .149  .095  .067  .062  .036  .034  .026  .012
fcpg=  .158  .253  .209  .130  .069  .050  .042  .030  .025  .020  .014
fcpg=  .030  .073  .089  .097  .070  .058  .078  .079  .080  .125  .212
fcpg=  .128  .230  .209  .148  .092  .061  .056  .035  .024  .018  .000
fcpg=  .161  .244  .206  .113  .066  .058  .050  .040  .030  .021  .011
fcpg=  .040  .079  .098  .082  .059  .052  .083  .099  .094  .155  .149
fcpg=  .126  .229  .225  .149  .085  .057  .041  .040  .022  .022  .003
fcpg=  .163  .264  .196  .118  .079  .054  .048  .027  .017  .021  .013
fcpg=  .039  .085  .090  .080  .073  .063  .079  .097  .096  .143  .147
fcpg=  .157  .240  .235  .141  .077  .047  .044  .029  .016  .008  .006
fcpg=  .149  .253  .230  .122  .075  .054  .041  .024  .016  .019  .018
fcpg=  .049  .106  .125  .092  .060  .055  .071  .088  .078  .104  .163
fcpg=  .170  .276  .230  .134  .062  .040  .039  .027  .011  .004  .007
fcpg=  .154  .268  .214  .132  .068  .058  .029  .018  .022  .010  .026
fcpg=  .054  .105  .107  .086  .073  .069  .083  .070  .071  .108  .165
fcpg=  .180  .287  .223  .138  .067  .044  .026  .012  .014  .005  .003
fcpg=  .147  .259  .209  .145  .069  .055  .039  .021  .017  .023  .017
fcpg=  .051  .110  .114  .102  .072  .070  .077  .083  .063  .099  .151
fcpg=  .182  .286  .224  .137  .071  .041  .025  .016  .010  .007  .000
fcpg=  .179  .253  .197  .121  .074  .050  .042  .032  .019  .019  .013
fcpg=  .058  .109  .116  .081  .061  .055  .067  .081  .080  .140  .144
fcpg=  .175  .289  .242  .135  .060  .037  .026  .016  .015  .004  .002
fcpg=  .173  .250  .203  .119  .064  .072  .054  .027  .015  .014  .008
fcpg=  .062  .125  .128  .093  .049  .064  .074  .063  .076  .099  .158
fcpg=  .180  .301  .251  .123  .063  .033  .018  .011  .009  .008  .002
fcpg=  .172  .254  .214  .111  .070  .064  .045  .023  .014  .014  .018
fcpg=  .057  .140  .137  .080  .048  .051  .072  .070  .080  .101  .155
fcpg=  .206  .318  .229  .112  .054  .034  .017  .014  .005  .007  .004
fcpg=  .162  .259  .196  .123  .065  .068  .060  .023  .012  .013  .018
fcpg=  .085  .149  .137  .087  .052  .048  .062  .065  .059  .080  .167
fcpg=  .212  .315  .239  .111  .046  .022  .022  .012  .011  .006  .005
fcpg=  .178  .274  .177  .102  .070  .066  .056  .027  .017  .009  .024
fcpg=  .080  .151  .130  .087  .058  .049  .072  .060  .073  .075  .156
fcpg=  .227  .324  .223  .096  .049  .027  .021  .015  .008  .006  .004
fcpg=  .206  .262  .179  .084  .057  .061  .063  .033  .022  .013  .020
fcpg=  .089  .155  .138  .081  .057  .045  .051  .051  .059  .075  .191
fcpg=  .234  .331  .231  .098  .037  .025  .014  .012  .010  .004  .006
fcpg=  .195  .274  .184  .083  .050  .058  .057  .035  .024  .010  .030
fcpg=  .090  .156  .134  .071  .048  .045  .052  .055  .052  .072  .216
fcpg=  .222  .325  .232  .104  .038  .028  .018  .013  .010  .005  .007
fcpg=  .201  .276  .181  .071  .035  .057  .061  .057  .026  .016  .019
fcpg=  .097  .161  .119  .066  .044  .053  .054  .061  .051  .063  .222
fcpg=  .239  .334  .223  .100  .032  .017  .023  .011  .011  .007  .002
fcpg=  .198  .293  .177  .075  .033  .053  .066  .041  .024  .016  .023
fcpg=  .085  .153  .130  .073  .040  .043  .058  .052  .066  .071  .223
fcpg=  .244  .322  .217  .099  .035  .024  .022  .015  .008  .011  .004
fcpg=  .194  .273  .190  .084  .040  .045  .075  .052  .021  .013  .013
fcpg=  .079  .146  .136  .068  .042  .050  .060  .055  .059  .086  .210
fcpg=  .234  .341  .221  .088  .036  .019  .018  .013  .012  .014  .005
fcpg=  .212  .283  .186  .073  .042  .043  .061  .045  .018  .011  .025
fcpg=  .085  .146  .123  .071  .049  .047  .054  .045  .067  .107  .198
fcpg=  .238  .342  .215  .091  .029  .023  .016  .017  .011  .009  .010
fcpg=  .194  .280  .192  .081  .037  .053  .071  .043  .021  .011  .018
fcpg=  .097  .163  .123  .053  .038  .042  .063  .052  .052  .100  .209
fcpg=  .235  .351  .225  .086  .032  .011  .018  .011  .010  .009  .012
fcpg=  .202  .287  .184  .093  .043  .053  .063  .026  .015  .010  .024
fcpg=  .080  .157  .133  .077  .032  .039  .044  .046  .063  .127  .193
