fcpg=  .023  .047  .088  .096  .112  .138  .132  .078  .066  .054  .166
fcpg=  .069  .115  .144  .124  .107  .096  .081  .051  .043  .042  .127
fcpg=  .061  .113  .139  .121  .092  .080  .074  .051  .048  .052  .160
fcpg=  .022  .042  .082  .101  .126  .160  .131  .086  .063  .052  .135
fcpg=  .089  .136  .164  .127  .101  .089  .069  .046  .045  .053  .081
fcpg=  .035  .089  .136  .157  .128  .103  .083  .070  .041  .060  .089
fcpg=  .026  .047  .084  .114  .132  .151  .120  .091  .059  .045  .133
fcpg=  .098  .150  .170  .145  .095  .071  .065  .057  .050  .059  .040
fcpg=  .047  .114  .149  .145  .113  .086  .062  .045  .054  .071  .105
fcpg=  .018  .057  .091  .112  .150  .144  .125  .087  .054  .048  .114
fcpg=  .093  .180  .167  .145  .107  .077  .071  .053  .037  .036  .035
fcpg=  .041  .106  .128  .146  .129  .115  .072  .047  .036  .052  .120
fcpg=  .018  .058  .097  .141  .142  .130  .106  .079  .060  .042  .127
fcpg=  .091  .191  .187  .137  .100  .067  .068  .051  .046  .038  .025
fcpg=  .036  .095  .148  .152  .111  .068  .065  .058  .054  .058  .147
fcpg=  .022  .071  .106  .125  .133  .137  .095  .071  .050  .047  .145
fcpg=  .120  .174  .185  .130  .092  .061  .072  .051  .048  .026  .043
fcpg=  .023  .063  .106  .099  .099  .075  .053  .047  .047  .067  .311
fcpg=  .031  .071  .108  .143  .146  .124  .100  .069  .054  .047  .108
fcpg=  .094  .195  .193  .127  .084  .069  .063  .055  .043  .033  .044
fcpg=  .013  .052  .092  .107  .100  .075  .067  .046  .050  .087  .303
fcpg=  .032  .086  .129  .153  .137  .110  .083  .063  .049  .053  .104
fcpg=  .119  .213  .188  .135  .076  .056  .057  .043  .036  .032  .045
fcpg=  .018  .052  .087  .102  .081  .056  .064  .049  .054  .112  .317
fcpg=  .038  .117  .158  .161  .128  .095  .079  .051  .049  .045  .080
fcpg=  .121  .223  .201  .124  .073  .053  .036  .036  .036  .049  .047
fcpg=  .026  .066  .093  .096  .076  .070  .053  .043  .059  .110  .298
fcpg=  .052  .132  .160  .160  .135  .088  .064  .053  .041  .045  .070
fcpg=  .153  .231  .183  .111  .066  .050  .046  .043  .047  .040  .032
fcpg=  .024  .070  .090  .092  .076  .054  .047  .048  .083  .111  .298
fcpg=  .068  .157  .176  .172  .130  .066  .063  .041  .036  .037  .054
fcpg=  .153  .225  .190  .121  .065  .053  .049  .041  .029  .041  .035
fcpg=  .035  .080  .103  .093  .072  .052  .057  .052  .071  .111  .265
fcpg=  .077  .173  .205  .173  .108  .066  .051  .045  .038  .028  .036
fcpg=  .157  .233  .192  .123  .057  .049  .052  .043  .029  .037  .030
fcpg=  .022  .062  .093  .089  .065  .061  .080  .076  .079  .108  .256
fcpg=  .074  .200  .220  .170  .087  .057  .052  .038  .038  .041  .023
fcpg=  .145  .250  .190  .118  .055  .037  .057  .057  .033  .039  .020
fcpg=  .028  .086  .106  .099  .056  .062  .068  .078  .078  .116  .214
fcpg=  .085  .222  .229  .153  .082  .050  .043  .050  .031  .031  .025
fcpg=  .148  .242  .186  .112  .052  .053  .073  .057  .033  .015  .027
fcpg=  .048  .120  .122  .072  .036  .050  .065  .082  .088  .087  .222
fcpg=  .098  .236  .240  .162  .079  .047  .034  .035  .026  .024  .020
fcpg=  .153  .244  .206  .111  .054  .049  .061  .048  .035  .017  .022
fcpg=  .064  .124  .138  .077  .042  .051  .064  .076  .087  .086  .182
fcpg=  .110  .223  .236  .162  .089  .058  .037  .034  .022  .017  .012
fcpg=  .151  .263  .220  .115  .052  .048  .059  .040  .015  .006  .028
fcpg=  .066  .134  .136  .081  .048  .051  .083  .063  .073  .093  .164
fcpg=  .126  .227  .240  .166  .091  .058  .034  .023  .017  .011  .007
fcpg=  .155  .264  .213  .124  .052  .042  .047  .051  .024  .006  .022
fcpg=  .062  .145  .135  .102  .053  .055  .062  .066  .093  .072  .146
fcpg=  .127  .237  .266  .157  .076  .055  .033  .022  .017  .008  .003
fcpg=  .149  .263  .216  .119  .060  .054  .040  .042  .019  .010  .028
fcpg=  .056  .120  .129  .101  .064  .072  .075  .070  .077  .076  .152
fcpg=  .150  .257  .242  .147  .077  .048  .030  .021  .012  .008  .008
fcpg=  .161  .258  .209  .119  .066  .046  .038  .040  .029  .015  .018
fcpg=  .088  .128  .123  .084  .062  .059  .066  .065  .073  .094  .149
fcpg=  .149  .266  .240  .156  .072  .049  .030  .020  .010  .008  .002
fcpg=  .184  .246  .193  .107  .066  .053  .037  .047  .028  .017  .023
fcpg=  .071  .132  .125  .094  .056  .059  .057  .064  .078  .097  .159
fcpg=  .158  .293  .243  .131  .067  .036  .033  .019  .009  .011  .002
fcpg=  .174  .244  .195  .109  .062  .050  .051  .055  .029  .015  .015
fcpg=  .073  .150  .128  .083  .064  .055  .056  .070  .063  .095  .155
fcpg=  .188  .298  .227  .132  .057  .032  .028  .017  .008  .008  .003
fcpg=  .189  .258  .188  .103  .049  .049  .063  .050  .026  .010  .016
fcpg=  .080  .131  .125  .091  .058  .054  .071  .061  .067  .077  .177
fcpg=  .181  .316  .235  .125  .054  .026  .023  .014  .012  .009  .005
fcpg=  .177  .261  .195  .092  .047  .067  .065  .038  .035  .014  .009
fcpg=  .064  .140  .141  .086  .059  .065  .075  .067  .058  .068  .168
fcpg=  .209  .307  .220  .112  .054  .027  .025  .018  .014  .009  .006
fcpg=  .178  .273  .188  .092  .052  .060  .059  .045  .027  .014  .011
fcpg=  .073  .137  .121  .087  .049  .061  .075  .067  .063  .073  .186
fcpg=  .194  .303  .229  .119  .057  .029  .023  .020  .014  .007  .005
fcpg=  .155  .270  .200  .110  .048  .055  .078  .037  .022  .015  .011
fcpg=  .076  .143  .131  .079  .046  .060  .079  .058  .057  .075  .187
fcpg=  .199  .313  .219  .118  .052  .029  .025  .017  .012  .009  .007
fcpg=  .170  .263  .213  .110  .054  .047  .065  .035  .018  .011  .015
fcpg=  .076  .123  .115  .085  .048  .058  .080  .071  .061  .075  .199
fcpg=  .191  .319  .238  .109  .050  .025  .023  .016  .014  .007  .008
fcpg=  .180  .271  .191  .101  .052  .052  .072  .032  .022  .015  .011
fcpg=  .082  .147  .129  .077  .044  .049  .069  .062  .062  .075  .196
fcpg=  .215  .317  .228  .107  .049  .023  .022  .012  .009  .009  .008
fcpg=  .166  .270  .201  .111  .057  .050  .053  .040  .017  .013  .022
fcpg=  .071  .140  .130  .075  .051  .044  .067  .070  .068  .095  .180
fcpg=  .221  .316  .230  .114  .041  .020  .018  .016  .012  .006  .005
fcpg=  .186  .279  .198  .096  .040  .047  .061  .042  .020  .012  .019
fcpg=  .085  .150  .136  .077  .038  .052  .061  .065  .057  .117  .154
fcpg=  .206  .333  .252  .090  .039  .015  .018  .017  .012  .008  .009
fcpg=  .205  .288  .197  .083  .043  .050  .053  .030  .013  .014  .025
fcpg=  .081  .161  .154  .073  .038  .036  .050  .055  .067  .098  .179
fcpg=  .216  .343  .228  .101  .037  .018  .019  .015  .014  .007  .004
fcpg=  .197  .274  .202  .096  .051  .045  .058  .026  .022  .010  .018
fcpg=  .075  .156  .141  .079  .044  .045  .064  .053  .086  .081  .168
fcpg=  .228  .340  .224  .094  .037  .018  .020  .018  .011  .006  .003
fcpg=  .194  .276  .207  .095  .052  .053  .042  .023  .023  .009  .026
fcpg=  .084  .147  .141  .084  .048  .038  .053  .051  .057  .083  .207
