fcpg=  .013  .051  .102  .121  .135  .132  .106  .081  .072  .046  .141
fcpg=  .062  .137  .161  .143  .135  .107  .085  .048  .031  .025  .067
fcpg=  .077  .155  .189  .159  .129  .099  .068  .037  .027  .014  .039
fcpg=  .027  .064  .101  .119  .132  .148  .111  .079  .053  .035  .131
fcpg=  .075  .143  .175  .145  .128  .096  .072  .044  .039  .036  .046
fcpg=  .058  .134  .171  .166  .131  .107  .068  .039  .029  .030  .059
fcpg=  .020  .058  .106  .131  .133  .150  .132  .079  .048  .033  .110
fcpg=  .084  .162  .174  .156  .113  .085  .070  .047  .037  .035  .036
fcpg=  .043  .115  .146  .139  .122  .117  .091  .055  .045  .044  .076
fcpg=  .031  .073  .113  .146  .141  .149  .113  .069  .047  .026  .092
fcpg=  .087  .168  .200  .157  .108  .072  .061  .046  .029  .038  .035
fcpg=  .045  .077  .123  .126  .123  .117  .101  .074  .060  .062  .084
fcpg=  .048  .108  .152  .164  .148  .116  .092  .044  .027  .021  .080
fcpg=  .107  .201  .198  .161  .096  .074  .056  .032  .029  .024  .022
fcpg=  .060  .114  .144  .134  .107  .081  .066  .048  .049  .054  .135
fcpg=  .048  .117  .150  .161  .141  .113  .080  .055  .038  .026  .072
fcpg=  .122  .210  .209  .148  .086  .061  .042  .033  .034  .027  .028
fcpg=  .030  .090  .119  .116  .094  .091  .079  .063  .066  .070  .172
fcpg=  .065  .135  .171  .157  .132  .103  .067  .042  .028  .034  .067
fcpg=  .113  .231  .226  .146  .081  .048  .045  .031  .029  .025  .025
fcpg=  .039  .109  .137  .131  .101  .079  .079  .052  .054  .048  .161
fcpg=  .079  .156  .189  .170  .120  .082  .055  .034  .024  .034  .059
fcpg=  .140  .242  .226  .140  .071  .045  .039  .031  .026  .024  .017
fcpg=  .064  .135  .157  .115  .078  .051  .040  .041  .036  .055  .220
fcpg=  .085  .185  .209  .168  .109  .065  .050  .037  .025  .027  .040
fcpg=  .141  .240  .223  .130  .071  .042  .050  .045  .020  .021  .016
fcpg=  .058  .134  .167  .126  .074  .048  .042  .047  .045  .052  .198
fcpg=  .098  .194  .222  .159  .095  .068  .048  .044  .028  .018  .026
fcpg=  .145  .250  .226  .139  .063  .043  .051  .030  .019  .015  .020
fcpg=  .046  .130  .162  .128  .076  .061  .055  .041  .049  .070  .173
fcpg=  .119  .222  .224  .154  .099  .061  .046  .034  .017  .011  .014
fcpg=  .174  .260  .216  .128  .069  .042  .052  .021  .015  .007  .016
fcpg=  .070  .133  .160  .122  .079  .058  .073  .048  .064  .067  .118
fcpg=  .121  .225  .240  .172  .096  .053  .041  .024  .011  .006  .011
fcpg=  .157  .260  .240  .126  .068  .039  .036  .024  .017  .011  .022
fcpg=  .061  .133  .154  .127  .080  .072  .076  .063  .070  .041  .115
fcpg=  .122  .253  .232  .169  .093  .057  .032  .018  .010  .003  .011
fcpg=  .165  .268  .226  .128  .069  .042  .036  .025  .014  .011  .016
fcpg=  .062  .144  .149  .120  .084  .064  .052  .059  .078  .084  .096
fcpg=  .133  .263  .252  .164  .080  .038  .027  .015  .010  .005  .014
fcpg=  .180  .261  .220  .124  .065  .037  .034  .019  .023  .015  .023
fcpg=  .052  .127  .151  .120  .084  .067  .066  .062  .079  .055  .129
fcpg=  .153  .273  .251  .147  .077  .032  .021  .015  .012  .006  .012
fcpg=  .184  .264  .215  .112  .059  .043  .037  .026  .019  .020  .021
fcpg=  .067  .134  .142  .111  .082  .053  .064  .049  .059  .096  .135
fcpg=  .162  .298  .243  .141  .066  .034  .021  .011  .007  .004  .013
fcpg=  .190  .283  .210  .110  .055  .029  .037  .029  .018  .013  .026
fcpg=  .061  .148  .144  .109  .063  .047  .065  .067  .071  .071  .146
fcpg=  .163  .294  .250  .150  .059  .027  .021  .014  .012  .004  .006
fcpg=  .186  .268  .211  .116  .047  .036  .037  .038  .025  .013  .022
fcpg=  .068  .132  .147  .100  .064  .050  .060  .066  .073  .059  .174
fcpg=  .186  .295  .259  .141  .051  .020  .017  .012  .008  .003  .008
fcpg=  .173  .277  .218  .121  .047  .043  .038  .030  .018  .011  .024
fcpg=  .064  .140  .146  .089  .048  .067  .067  .059  .060  .062  .189
fcpg=  .190  .297  .251  .144  .048  .030  .015  .011  .005  .003  .003
fcpg=  .190  .274  .208  .107  .046  .049  .045  .035  .020  .008  .017
fcpg=  .077  .120  .130  .085  .050  .065  .070  .083  .083  .065  .164
fcpg=  .175  .305  .258  .137  .067  .020  .009  .010  .007  .003  .010
fcpg=  .201  .301  .208  .099  .040  .038  .032  .025  .020  .005  .031
fcpg=  .064  .139  .132  .086  .047  .047  .056  .073  .095  .086  .167
fcpg=  .191  .322  .233  .126  .054  .018  .019  .011  .008  .009  .008
fcpg=  .203  .284  .211  .098  .032  .034  .041  .039  .026  .009  .021
fcpg=  .072  .142  .117  .075  .042  .050  .061  .091  .082  .086  .174
fcpg=  .196  .296  .237  .129  .057  .027  .019  .009  .012  .008  .011
fcpg=  .199  .305  .207  .096  .039  .028  .038  .029  .019  .011  .029
fcpg=  .080  .135  .121  .070  .039  .039  .066  .073  .074  .091  .203
fcpg=  .195  .314  .237  .130  .039  .025  .016  .016  .009  .016  .004
fcpg=  .210  .300  .195  .088  .035  .030  .033  .036  .034  .017  .021
fcpg=  .070  .133  .123  .079  .038  .040  .052  .097  .083  .113  .162
fcpg=  .196  .323  .232  .110  .044  .021  .022  .017  .007  .018  .010
fcpg=  .239  .288  .195  .088  .035  .024  .026  .037  .026  .019  .022
fcpg=  .079  .132  .111  .064  .043  .034  .056  .097  .079  .085  .213
fcpg=  .209  .311  .223  .116  .045  .024  .028  .013  .008  .012  .012
fcpg=  .223  .312  .192  .075  .028  .024  .034  .035  .040  .025  .011
fcpg=  .077  .131  .103  .060  .043  .043  .076  .078  .085  .106  .190
fcpg=  .203  .327  .225  .110  .047  .023  .015  .008  .009  .017  .015
fcpg=  .254  .309  .188  .073  .024  .023  .028  .037  .033  .018  .014
fcpg=  .066  .114  .098  .071  .049  .051  .060  .074  .089  .107  .215
fcpg=  .216  .308  .236  .111  .043  .022  .011  .015  .012  .017  .010
fcpg=  .248  .310  .175  .067  .030  .028  .037  .039  .042  .017  .006
fcpg=  .076  .119  .102  .067  .039  .048  .073  .077  .105  .108  .177
fcpg=  .211  .317  .233  .113  .039  .028  .012  .009  .010  .016  .011
fcpg=  .249  .306  .180  .071  .027  .035  .041  .034  .029  .017  .010
fcpg=  .064  .126  .110  .066  .040  .061  .067  .068  .084  .113  .192
fcpg=  .217  .322  .230  .102  .047  .020  .020  .011  .010  .013  .006
fcpg=  .233  .293  .184  .078  .031  .041  .044  .040  .031  .019  .004
fcpg=  .066  .123  .116  .068  .040  .059  .087  .089  .088  .114  .141
fcpg=  .224  .329  .223  .106  .040  .022  .014  .015  .010  .008  .010
fcpg=  .224  .301  .188  .081  .038  .037  .041  .039  .021  .021  .010
fcpg=  .065  .119  .102  .070  .045  .050  .072  .082  .101  .117  .168
fcpg=  .235  .315  .227  .105  .044  .020  .017  .012  .013  .006  .005
fcpg=  .226  .303  .171  .080  .045  .040  .044  .043  .018  .020  .009
fcpg=  .061  .118  .103  .073  .052  .051  .074  .105  .104  .084  .167
fcpg=  .250  .315  .220  .096  .041  .022  .017  .013  .013  .003  .010
fcpg=  .228  .300  .183  .083  .044  .037  .037  .032  .021  .016  .018
fcpg=  .059  .093  .094  .071  .051  .057  .076  .095  .099  .094  .203
