fcpg=  .015  .049  .090  .092  .121  .141  .135  .090  .077  .052  .138
fcpg=  .072  .105  .157  .157  .130  .111  .082  .050  .041  .040  .056
fcpg=  .064  .141  .178  .159  .127  .084  .085  .041  .031  .034  .048
fcpg=  .023  .059  .113  .129  .137  .147  .115  .081  .061  .030  .106
fcpg=  .074  .142  .188  .153  .127  .090  .064  .046  .032  .026  .058
fcpg=  .048  .118  .173  .168  .142  .101  .070  .053  .029  .021  .069
fcpg=  .036  .080  .121  .148  .150  .131  .098  .067  .049  .031  .088
fcpg=  .077  .165  .188  .166  .117  .079  .051  .039  .038  .028  .052
fcpg=  .039  .106  .150  .138  .115  .091  .060  .055  .053  .057  .130
fcpg=  .044  .087  .122  .140  .148  .140  .109  .061  .034  .027  .088
fcpg=  .088  .178  .220  .150  .121  .071  .049  .035  .026  .026  .036
fcpg=  .043  .100  .128  .136  .114  .101  .084  .065  .044  .048  .130
fcpg=  .058  .120  .151  .148  .124  .109  .092  .060  .041  .027  .071
fcpg=  .089  .197  .231  .171  .099  .065  .042  .028  .024  .021  .031
fcpg=  .043  .103  .146  .151  .111  .085  .069  .055  .051  .051  .126
fcpg=  .075  .147  .168  .152  .126  .097  .077  .049  .033  .026  .050
fcpg=  .114  .207  .234  .156  .093  .048  .040  .028  .032  .030  .018
fcpg=  .063  .121  .175  .126  .105  .064  .049  .036  .043  .071  .139
fcpg=  .098  .173  .185  .160  .109  .083  .059  .037  .026  .024  .046
fcpg=  .112  .224  .236  .143  .100  .049  .036  .026  .024  .030  .019
fcpg=  .065  .129  .168  .129  .091  .058  .042  .039  .034  .067  .169
fcpg=  .104  .188  .199  .172  .100  .070  .054  .037  .024  .024  .027
fcpg=  .143  .253  .240  .145  .077  .032  .027  .020  .025  .021  .018
fcpg=  .072  .148  .174  .135  .079  .048  .043  .036  .039  .064  .154
fcpg=  .129  .204  .226  .154  .091  .064  .053  .033  .020  .010  .016
fcpg=  .159  .283  .219  .124  .060  .035  .030  .022  .026  .019  .024
fcpg=  .070  .142  .164  .123  .080  .064  .058  .058  .067  .058  .108
fcpg=  .125  .224  .229  .162  .095  .059  .047  .026  .013  .006  .015
fcpg=  .174  .287  .221  .122  .058  .035  .026  .023  .017  .014  .022
fcpg=  .063  .154  .169  .129  .083  .067  .065  .061  .053  .037  .112
fcpg=  .129  .248  .235  .154  .091  .059  .032  .018  .011  .007  .016
fcpg=  .179  .283  .226  .120  .058  .045  .030  .021  .009  .007  .022
fcpg=  .068  .163  .176  .143  .084  .061  .044  .040  .038  .039  .134
fcpg=  .159  .236  .237  .154  .090  .042  .027  .015  .017  .005  .019
fcpg=  .170  .273  .228  .126  .064  .044  .033  .021  .006  .006  .029
fcpg=  .069  .150  .176  .138  .094  .052  .042  .036  .031  .042  .161
fcpg=  .149  .263  .230  .150  .077  .041  .024  .019  .021  .011  .015
fcpg=  .184  .272  .223  .119  .054  .037  .042  .023  .016  .007  .024
fcpg=  .052  .122  .169  .118  .076  .059  .060  .059  .065  .080  .132
fcpg=  .160  .282  .232  .144  .069  .031  .023  .017  .019  .010  .014
fcpg=  .179  .269  .216  .116  .064  .038  .036  .020  .014  .016  .031
fcpg=  .065  .141  .151  .109  .072  .050  .057  .047  .046  .072  .181
fcpg=  .171  .273  .247  .132  .070  .027  .022  .023  .019  .009  .007
fcpg=  .173  .286  .224  .115  .053  .029  .038  .026  .017  .020  .019
fcpg=  .056  .125  .150  .122  .078  .057  .062  .056  .052  .061  .174
fcpg=  .166  .267  .235  .140  .074  .038  .030  .022  .013  .006  .008
fcpg=  .199  .300  .223  .101  .044  .027  .032  .019  .021  .018  .017
fcpg=  .073  .122  .128  .098  .070  .060  .066  .063  .060  .080  .171
fcpg=  .158  .279  .243  .147  .076  .036  .029  .014  .008  .007  .003
fcpg=  .203  .301  .215  .098  .053  .036  .022  .021  .023  .009  .019
fcpg=  .070  .140  .136  .120  .074  .065  .057  .047  .063  .059  .161
fcpg=  .154  .275  .247  .147  .066  .040  .026  .015  .010  .010  .010
fcpg=  .219  .290  .206  .112  .046  .032  .027  .022  .020  .009  .017
fcpg=  .059  .112  .141  .128  .082  .061  .061  .049  .049  .058  .191
fcpg=  .178  .276  .236  .135  .075  .033  .027  .009  .006  .016  .008
fcpg=  .218  .287  .200  .110  .044  .032  .037  .030  .021  .006  .015
fcpg=  .062  .127  .131  .092  .073  .057  .066  .057  .061  .063  .201
fcpg=  .167  .290  .241  .139  .068  .036  .017  .010  .008  .009  .016
fcpg=  .225  .292  .198  .101  .046  .035  .031  .026  .013  .010  .023
fcpg=  .063  .112  .122  .103  .067  .069  .053  .054  .054  .060  .235
fcpg=  .148  .289  .241  .156  .064  .040  .014  .013  .010  .011  .012
fcpg=  .230  .294  .190  .101  .043  .035  .033  .022  .022  .017  .014
fcpg=  .067  .130  .123  .084  .063  .059  .065  .062  .079  .066  .193
fcpg=  .164  .293  .251  .140  .061  .033  .015  .007  .016  .014  .006
fcpg=  .224  .290  .207  .095  .046  .034  .024  .023  .018  .017  .023
fcpg=  .065  .129  .119  .078  .050  .056  .056  .063  .081  .091  .205
fcpg=  .200  .288  .242  .117  .057  .032  .017  .009  .018  .018  .002
fcpg=  .228  .307  .187  .088  .041  .039  .027  .020  .023  .015  .024
fcpg=  .077  .124  .104  .081  .051  .060  .062  .080  .102  .097  .154
fcpg=  .179  .301  .244  .127  .062  .026  .013  .013  .013  .020  .002
fcpg=  .240  .290  .199  .094  .035  .036  .027  .027  .021  .012  .018
fcpg=  .061  .113  .123  .077  .055  .052  .054  .075  .107  .120  .156
fcpg=  .186  .307  .231  .123  .061  .026  .017  .019  .017  .012  .001
fcpg=  .230  .315  .210  .073  .031  .024  .038  .031  .019  .016  .013
fcpg=  .073  .128  .116  .072  .048  .054  .072  .082  .113  .116  .118
fcpg=  .207  .298  .223  .119  .053  .031  .021  .021  .017  .008  .003
fcpg=  .227  .315  .204  .092  .029  .026  .035  .035  .020  .015  .003
fcpg=  .082  .117  .124  .075  .040  .059  .067  .085  .081  .106  .156
fcpg=  .203  .304  .221  .118  .048  .030  .028  .019  .014  .011  .004
fcpg=  .248  .311  .193  .081  .034  .034  .031  .034  .020  .011  .002
fcpg=  .072  .150  .111  .074  .044  .054  .068  .094  .085  .110  .129
fcpg=  .221  .312  .225  .105  .044  .028  .020  .020  .012  .007  .006
fcpg=  .221  .315  .198  .095  .040  .029  .038  .023  .019  .012  .011
fcpg=  .070  .118  .126  .082  .048  .053  .079  .073  .073  .099  .170
fcpg=  .200  .323  .227  .103  .050  .028  .022  .018  .014  .011  .003
fcpg=  .217  .315  .214  .093  .042  .032  .031  .016  .015  .021  .004
fcpg=  .065  .135  .129  .080  .054  .061  .072  .066  .077  .111  .142
fcpg=  .218  .322  .229  .103  .040  .023  .020  .015  .015  .007  .008
fcpg=  .239  .288  .216  .090  .044  .040  .026  .014  .012  .014  .017
fcpg=  .061  .121  .134  .079  .054  .059  .075  .072  .081  .079  .176
fcpg=  .223  .312  .219  .118  .041  .027  .015  .020  .012  .008  .007
fcpg=  .217  .303  .203  .101  .044  .032  .030  .026  .013  .019  .013
fcpg=  .072  .128  .122  .083  .049  .062  .066  .070  .074  .110  .155
fcpg=  .229  .305  .218  .109  .046  .025  .016  .014  .014  .018  .005
fcpg=  .220  .287  .207  .110  .041  .029  .032  .029  .014  .012  .019
fcpg=  .061  .105  .125  .074  .058  .054  .074  .073  .077  .113  .178
