fcpg=  .024  .061  .103  .127  .130  .153  .111  .073  .057  .055  .106
fcpg=  .071  .142  .170  .149  .125  .100  .081  .048  .043  .032  .040
fcpg=  .053  .130  .176  .158  .109  .099  .079  .055  .041  .045  .046
fcpg=  .019  .062  .097  .121  .134  .138  .125  .086  .051  .050  .117
fcpg=  .088  .166  .186  .151  .111  .096  .072  .040  .027  .023  .040
fcpg=  .039  .101  .153  .155  .131  .115  .084  .060  .049  .049  .056
fcpg=  .024  .074  .126  .128  .139  .133  .112  .079  .047  .039  .100
fcpg=  .104  .172  .196  .166  .105  .078  .054  .042  .024  .025  .034
fcpg=  .039  .110  .140  .141  .114  .095  .073  .057  .052  .066  .104
fcpg=  .045  .097  .136  .147  .139  .125  .105  .065  .048  .033  .060
fcpg=  .124  .196  .200  .151  .099  .066  .052  .039  .023  .017  .033
fcpg=  .063  .120  .148  .132  .099  .096  .075  .059  .040  .036  .122
fcpg=  .050  .126  .163  .153  .148  .116  .087  .054  .034  .024  .044
fcpg=  .129  .218  .219  .147  .100  .054  .044  .028  .018  .023  .019
fcpg=  .065  .143  .187  .162  .136  .088  .057  .041  .028  .025  .059
fcpg=  .050  .132  .177  .168  .151  .107  .073  .046  .035  .027  .034
fcpg=  .127  .234  .212  .146  .082  .050  .036  .035  .034  .029  .017
fcpg=  .066  .142  .185  .163  .123  .070  .043  .034  .032  .032  .103
fcpg=  .063  .150  .182  .179  .149  .106  .062  .037  .023  .020  .030
fcpg=  .113  .234  .221  .141  .076  .057  .044  .040  .030  .028  .017
fcpg=  .065  .130  .176  .158  .107  .073  .048  .038  .032  .050  .116
fcpg=  .064  .155  .197  .182  .144  .092  .060  .039  .018  .016  .033
fcpg=  .115  .247  .231  .151  .072  .038  .039  .036  .019  .016  .036
fcpg=  .045  .132  .171  .160  .097  .076  .052  .036  .032  .043  .149
fcpg=  .072  .181  .203  .183  .125  .089  .052  .030  .018  .020  .028
fcpg=  .131  .236  .225  .156  .077  .046  .036  .020  .025  .020  .028
fcpg=  .053  .128  .175  .149  .093  .071  .055  .047  .039  .047  .134
fcpg=  .082  .171  .220  .183  .110  .084  .045  .032  .025  .021  .027
fcpg=  .159  .277  .213  .132  .059  .036  .025  .029  .020  .020  .030
fcpg=  .054  .127  .162  .134  .092  .071  .053  .042  .036  .058  .163
fcpg=  .091  .178  .215  .179  .115  .073  .045  .035  .019  .024  .027
fcpg=  .175  .292  .217  .113  .047  .035  .032  .026  .021  .023  .018
fcpg=  .063  .141  .161  .122  .079  .065  .066  .054  .045  .049  .148
fcpg=  .108  .215  .213  .169  .097  .060  .044  .028  .024  .022  .021
fcpg=  .169  .275  .230  .131  .056  .028  .034  .021  .013  .020  .023
fcpg=  .067  .145  .155  .125  .084  .059  .058  .063  .058  .047  .129
fcpg=  .098  .225  .226  .172  .099  .054  .045  .030  .023  .016  .010
fcpg=  .183  .270  .235  .121  .056  .039  .026  .026  .012  .019  .012
fcpg=  .080  .141  .167  .115  .085  .076  .073  .056  .049  .069  .080
fcpg=  .118  .222  .229  .174  .086  .045  .038  .035  .024  .017  .012
fcpg=  .178  .294  .230  .123  .047  .032  .028  .020  .016  .015  .018
fcpg=  .073  .153  .161  .122  .069  .067  .068  .057  .063  .057  .102
fcpg=  .110  .235  .242  .171  .090  .048  .027  .028  .023  .011  .015
fcpg=  .180  .291  .234  .121  .048  .029  .028  .020  .016  .014  .019
fcpg=  .069  .150  .162  .122  .070  .061  .061  .056  .058  .060  .122
fcpg=  .121  .251  .232  .164  .066  .047  .048  .023  .013  .014  .021
fcpg=  .192  .284  .222  .117  .053  .028  .026  .023  .015  .015  .025
fcpg=  .074  .145  .158  .100  .060  .057  .063  .052  .042  .077  .163
fcpg=  .137  .262  .235  .145  .072  .042  .032  .022  .018  .011  .024
fcpg=  .192  .288  .212  .120  .050  .030  .027  .027  .019  .017  .018
fcpg=  .074  .141  .139  .095  .068  .053  .052  .052  .052  .091  .175
fcpg=  .165  .262  .237  .143  .062  .032  .032  .015  .018  .015  .018
fcpg=  .185  .291  .234  .113  .056  .029  .023  .019  .012  .020  .019
fcpg=  .084  .143  .138  .084  .059  .048  .051  .039  .053  .097  .195
fcpg=  .175  .293  .225  .123  .054  .029  .031  .019  .018  .025  .009
fcpg=  .188  .282  .234  .126  .053  .024  .024  .022  .014  .014  .019
fcpg=  .077  .142  .135  .083  .050  .047  .056  .057  .084  .104  .157
fcpg=  .185  .313  .220  .126  .047  .026  .025  .023  .015  .015  .005
fcpg=  .175  .285  .238  .120  .049  .027  .023  .031  .022  .010  .019
fcpg=  .065  .130  .135  .074  .046  .050  .059  .088  .104  .114  .127
fcpg=  .180  .315  .234  .115  .043  .024  .025  .025  .015  .013  .011
fcpg=  .170  .289  .210  .123  .062  .035  .038  .036  .020  .011  .006
fcpg=  .081  .128  .126  .077  .048  .053  .068  .081  .099  .097  .133
fcpg=  .195  .310  .240  .107  .041  .033  .019  .019  .012  .016  .007
fcpg=  .186  .292  .215  .119  .052  .039  .031  .022  .018  .022  .005
fcpg=  .069  .118  .117  .079  .041  .067  .075  .079  .075  .141  .130
fcpg=  .203  .312  .226  .117  .040  .029  .022  .019  .009  .017  .006
fcpg=  .183  .298  .223  .112  .057  .036  .033  .024  .018  .013  .004
fcpg=  .062  .129  .123  .088  .053  .068  .082  .078  .073  .102  .134
fcpg=  .222  .314  .229  .102  .046  .022  .015  .020  .012  .011  .007
fcpg=  .196  .300  .219  .107  .056  .035  .031  .019  .014  .007  .016
fcpg=  .061  .119  .135  .084  .063  .055  .074  .083  .069  .069  .180
fcpg=  .206  .311  .249  .110  .039  .020  .016  .016  .019  .010  .003
fcpg=  .205  .314  .205  .107  .052  .041  .023  .018  .009  .015  .011
fcpg=  .069  .135  .141  .092  .058  .056  .059  .050  .064  .081  .187
fcpg=  .214  .313  .237  .113  .044  .020  .019  .012  .017  .009  .002
fcpg=  .205  .304  .223  .105  .058  .032  .021  .014  .006  .013  .018
fcpg=  .065  .131  .130  .093  .070  .062  .065  .055  .055  .079  .186
fcpg=  .208  .314  .241  .113  .046  .018  .021  .016  .015  .007  .003
fcpg=  .190  .290  .226  .122  .058  .040  .027  .015  .014  .008  .010
fcpg=  .060  .127  .130  .096  .071  .066  .069  .054  .064  .086  .169
fcpg=  .219  .335  .224  .105  .034  .025  .017  .018  .011  .005  .007
fcpg=  .217  .289  .211  .117  .052  .033  .024  .023  .014  .008  .012
fcpg=  .055  .119  .120  .099  .063  .068  .064  .071  .065  .106  .161
fcpg=  .219  .324  .229  .104  .049  .021  .016  .016  .015  .006  .002
fcpg=  .225  .287  .209  .110  .052  .035  .036  .021  .015  .008  .002
fcpg=  .061  .120  .125  .090  .061  .070  .074  .076  .069  .086  .160
fcpg=  .233  .317  .222  .107  .037  .023  .020  .019  .009  .008  .007
fcpg=  .220  .298  .217  .100  .046  .032  .029  .024  .014  .008  .011
fcpg=  .071  .131  .127  .077  .044  .058  .065  .065  .064  .091  .197
fcpg=  .238  .328  .218  .096  .043  .018  .021  .012  .010  .009  .007
fcpg=  .223  .297  .224  .102  .045  .019  .027  .040  .011  .008  .004
fcpg=  .073  .148  .128  .073  .049  .044  .059  .084  .071  .092  .171
fcpg=  .257  .329  .215  .088  .027  .019  .016  .013  .011  .009  .015
fcpg=  .237  .307  .212  .095  .038  .028  .016  .024  .022  .011  .009
fcpg=  .074  .147  .128  .065  .039  .045  .049  .074  .085  .092  .193
