fcpg=  .012  .032  .070  .101  .140  .154  .148  .103  .083  .043  .115
fcpg=  .084  .120  .140  .110  .107  .111  .089  .071  .053  .034  .081
fcpg=  .028  .070  .107  .129  .128  .113  .092  .066  .047  .044  .168
fcpg=  .020  .052  .086  .122  .142  .158  .119  .084  .064  .051  .101
fcpg=  .086  .149  .153  .128  .100  .091  .082  .068  .045  .036  .062
fcpg=  .046  .099  .117  .122  .098  .111  .092  .059  .048  .061  .140
fcpg=  .020  .059  .098  .147  .153  .157  .120  .075  .056  .048  .067
fcpg=  .104  .149  .166  .136  .109  .103  .063  .057  .042  .034  .037
fcpg=  .048  .085  .114  .116  .122  .119  .102  .064  .061  .065  .097
fcpg=  .022  .070  .128  .145  .156  .140  .124  .082  .048  .035  .049
fcpg=  .103  .179  .171  .151  .111  .084  .073  .057  .031  .020  .018
fcpg=  .047  .097  .138  .133  .119  .120  .104  .076  .053  .054  .051
fcpg=  .029  .088  .137  .156  .153  .142  .116  .079  .041  .028  .031
fcpg=  .114  .194  .206  .163  .119  .080  .044  .040  .016  .012  .013
fcpg=  .054  .127  .163  .153  .122  .095  .071  .058  .040  .034  .073
fcpg=  .036  .101  .136  .174  .170  .135  .102  .060  .038  .023  .025
fcpg=  .108  .208  .236  .184  .110  .063  .032  .023  .013  .007  .017
fcpg=  .058  .123  .152  .147  .120  .091  .075  .050  .043  .045  .087
fcpg=  .035  .106  .174  .179  .160  .125  .090  .052  .035  .020  .024
fcpg=  .101  .220  .233  .189  .104  .059  .034  .028  .015  .005  .012
fcpg=  .055  .115  .160  .138  .110  .078  .066  .055  .060  .058  .098
fcpg=  .050  .111  .178  .176  .156  .113  .082  .046  .028  .021  .037
fcpg=  .106  .244  .239  .175  .105  .058  .032  .014  .009  .009  .008
fcpg=  .046  .110  .148  .136  .115  .083  .062  .048  .039  .043  .163
fcpg=  .060  .134  .210  .183  .138  .100  .066  .040  .019  .019  .032
fcpg=  .100  .234  .231  .171  .117  .065  .034  .013  .011  .016  .009
fcpg=  .031  .104  .139  .150  .122  .082  .059  .035  .039  .056  .173
fcpg=  .065  .153  .216  .175  .135  .082  .054  .036  .029  .017  .039
fcpg=  .119  .246  .219  .162  .093  .060  .037  .017  .016  .015  .017
fcpg=  .033  .095  .143  .142  .117  .072  .050  .040  .040  .049  .211
fcpg=  .073  .170  .219  .178  .112  .075  .053  .043  .024  .021  .031
fcpg=  .150  .255  .222  .134  .079  .054  .036  .028  .016  .013  .013
fcpg=  .039  .098  .137  .124  .099  .082  .063  .049  .038  .049  .214
fcpg=  .090  .194  .228  .172  .101  .068  .042  .028  .023  .021  .033
fcpg=  .172  .251  .206  .140  .074  .033  .026  .023  .033  .019  .024
fcpg=  .047  .101  .125  .120  .094  .070  .054  .052  .069  .059  .201
fcpg=  .099  .223  .229  .156  .097  .063  .039  .024  .019  .024  .028
fcpg=  .170  .272  .202  .139  .061  .052  .025  .026  .025  .018  .011
fcpg=  .054  .106  .127  .100  .079  .073  .057  .061  .064  .079  .193
fcpg=  .111  .231  .235  .167  .090  .053  .033  .023  .022  .017  .018
fcpg=  .163  .281  .229  .120  .059  .042  .023  .019  .025  .015  .024
fcpg=  .067  .119  .125  .098  .063  .066  .054  .060  .066  .085  .189
fcpg=  .114  .227  .253  .172  .091  .043  .027  .021  .017  .014  .021
fcpg=  .188  .288  .227  .104  .053  .037  .030  .026  .020  .014  .013
fcpg=  .069  .114  .134  .092  .063  .053  .055  .057  .075  .085  .195
fcpg=  .128  .248  .250  .156  .080  .031  .024  .024  .016  .020  .023
fcpg=  .189  .303  .235  .105  .044  .030  .025  .020  .012  .018  .019
fcpg=  .055  .131  .135  .082  .063  .045  .052  .059  .060  .104  .206
fcpg=  .134  .255  .235  .155  .073  .037  .028  .027  .015  .026  .016
fcpg=  .194  .301  .228  .104  .044  .030  .029  .022  .016  .013  .021
fcpg=  .049  .104  .122  .099  .071  .054  .060  .058  .058  .086  .230
fcpg=  .143  .258  .237  .145  .073  .040  .034  .019  .021  .014  .017
fcpg=  .214  .310  .224  .097  .039  .025  .020  .017  .015  .013  .027
fcpg=  .053  .108  .135  .103  .061  .050  .059  .062  .058  .069  .233
fcpg=  .142  .265  .236  .138  .064  .050  .035  .022  .020  .018  .011
fcpg=  .232  .321  .200  .078  .037  .030  .031  .019  .016  .013  .024
fcpg=  .053  .133  .126  .082  .049  .062  .062  .069  .065  .078  .214
fcpg=  .152  .273  .234  .140  .066  .043  .034  .022  .016  .007  .013
fcpg=  .226  .318  .207  .088  .038  .027  .026  .017  .008  .013  .032
fcpg=  .060  .119  .130  .103  .060  .062  .079  .066  .050  .075  .186
fcpg=  .146  .271  .241  .132  .078  .044  .030  .025  .014  .007  .012
fcpg=  .226  .314  .182  .101  .040  .032  .044  .026  .011  .004  .020
fcpg=  .045  .117  .128  .100  .058  .069  .090  .079  .064  .059  .183
fcpg=  .162  .288  .236  .123  .068  .042  .034  .023  .010  .004  .010
fcpg=  .244  .312  .196  .087  .038  .022  .027  .023  .021  .007  .022
fcpg=  .067  .132  .132  .080  .050  .063  .086  .077  .056  .066  .182
fcpg=  .168  .310  .236  .122  .061  .034  .025  .018  .011  .008  .009
fcpg=  .229  .307  .195  .087  .040  .031  .040  .028  .018  .013  .012
fcpg=  .061  .139  .133  .090  .054  .055  .075  .076  .071  .085  .151
fcpg=  .154  .277  .250  .138  .062  .033  .026  .025  .015  .007  .013
fcpg=  .255  .311  .181  .085  .033  .031  .032  .026  .015  .009  .022
fcpg=  .070  .132  .123  .082  .047  .057  .070  .078  .075  .081  .175
fcpg=  .171  .286  .243  .136  .059  .033  .018  .018  .015  .009  .011
fcpg=  .254  .302  .181  .065  .036  .040  .045  .032  .028  .009  .008
fcpg=  .063  .126  .122  .090  .061  .057  .072  .068  .090  .082  .162
fcpg=  .174  .290  .227  .130  .057  .038  .024  .022  .016  .012  .010
fcpg=  .269  .311  .161  .066  .037  .037  .045  .030  .012  .014  .017
fcpg=  .069  .114  .109  .081  .050  .059  .066  .073  .083  .101  .188
fcpg=  .175  .293  .245  .110  .053  .038  .026  .028  .014  .009  .010
fcpg=  .270  .290  .179  .061  .037  .034  .042  .034  .027  .017  .007
fcpg=  .063  .110  .114  .071  .055  .061  .071  .083  .090  .081  .192
fcpg=  .164  .300  .234  .127  .057  .034  .029  .020  .014  .008  .011
fcpg=  .260  .298  .178  .076  .040  .039  .035  .027  .016  .014  .016
fcpg=  .060  .110  .103  .076  .066  .070  .071  .069  .074  .106  .188
fcpg=  .194  .285  .233  .116  .054  .036  .034  .019  .009  .012  .009
fcpg=  .238  .317  .175  .077  .031  .036  .048  .031  .023  .018  .006
fcpg=  .060  .107  .109  .082  .051  .057  .084  .072  .070  .115  .183
fcpg=  .182  .312  .208  .120  .055  .040  .026  .021  .012  .010  .013
fcpg=  .254  .302  .178  .076  .039  .031  .042  .026  .021  .016  .016
fcpg=  .056  .113  .104  .067  .056  .062  .084  .072  .062  .079  .237
fcpg=  .188  .288  .236  .119  .054  .035  .022  .021  .011  .011  .015
fcpg=  .254  .310  .179  .068  .033  .029  .037  .028  .032  .022  .010
fcpg=  .057  .107  .106  .065  .052  .056  .067  .076  .087  .096  .222
fcpg=  .205  .303  .225  .110  .050  .028  .023  .015  .013  .012  .016
fcpg=  .251  .295  .203  .066  .039  .027  .029  .025  .040  .009  .016
fcpg=  .064  .110  .101  .063  .045  .052  .068  .076  .098  .086  .229
