fcpg=  .027  .066  .103  .116  .107  .141  .118  .086  .069  .048  .119
fcpg=  .094  .107  .108  .103  .107  .090  .087  .071  .064  .058  .112
fcpg=  .059  .135  .162  .159  .109  .090  .082  .053  .036  .044  .064
fcpg=  .029  .060  .097  .127  .134  .148  .112  .076  .056  .042  .118
fcpg=  .103  .141  .135  .117  .086  .094  .070  .067  .051  .054  .081
fcpg=  .050  .103  .157  .178  .152  .114  .068  .048  .029  .037  .056
fcpg=  .037  .082  .113  .120  .120  .124  .114  .076  .064  .040  .110
fcpg=  .108  .162  .159  .127  .109  .079  .071  .058  .040  .037  .052
fcpg=  .076  .142  .179  .156  .113  .074  .065  .046  .046  .030  .063
fcpg=  .035  .075  .118  .133  .123  .126  .108  .079  .063  .042  .098
fcpg=  .123  .174  .161  .137  .112  .095  .065  .041  .030  .027  .037
fcpg=  .035  .093  .144  .160  .138  .107  .081  .067  .052  .041  .073
fcpg=  .032  .087  .134  .148  .153  .129  .097  .075  .044  .033  .066
fcpg=  .144  .217  .181  .138  .083  .069  .045  .033  .025  .029  .036
fcpg=  .063  .162  .169  .151  .114  .092  .061  .052  .033  .039  .054
fcpg=  .037  .095  .124  .142  .142  .132  .109  .072  .050  .041  .057
fcpg=  .142  .237  .199  .138  .082  .047  .046  .025  .030  .023  .031
fcpg=  .048  .109  .142  .158  .129  .105  .087  .057  .047  .039  .071
fcpg=  .042  .111  .150  .169  .145  .116  .094  .068  .032  .026  .047
fcpg=  .142  .248  .209  .130  .072  .048  .038  .033  .024  .022  .035
fcpg=  .053  .150  .193  .157  .104  .061  .051  .046  .038  .041  .099
fcpg=  .044  .118  .160  .162  .131  .109  .094  .063  .035  .036  .047
fcpg=  .154  .250  .201  .127  .077  .046  .045  .027  .023  .022  .027
fcpg=  .052  .134  .182  .157  .101  .071  .053  .041  .034  .043  .123
fcpg=  .051  .102  .158  .160  .149  .118  .077  .061  .041  .038  .045
fcpg=  .180  .240  .216  .123  .063  .037  .037  .035  .031  .019  .019
fcpg=  .057  .128  .168  .154  .110  .075  .060  .043  .039  .037  .121
fcpg=  .057  .134  .179  .161  .138  .097  .074  .052  .029  .031  .048
fcpg=  .184  .273  .202  .105  .058  .037  .045  .031  .027  .014  .026
fcpg=  .062  .136  .167  .135  .111  .070  .053  .033  .033  .048  .143
fcpg=  .058  .145  .191  .158  .138  .095  .065  .043  .039  .028  .039
fcpg=  .179  .284  .204  .116  .045  .037  .045  .032  .023  .011  .025
fcpg=  .057  .127  .158  .129  .091  .071  .062  .049  .055  .053  .140
fcpg=  .065  .158  .196  .185  .128  .089  .058  .038  .028  .023  .031
fcpg=  .187  .285  .203  .103  .051  .038  .040  .028  .018  .011  .036
fcpg=  .073  .166  .171  .117  .074  .054  .043  .047  .062  .047  .139
fcpg=  .082  .174  .202  .166  .121  .086  .055  .037  .028  .025  .024
fcpg=  .185  .298  .200  .118  .040  .040  .041  .028  .014  .014  .021
fcpg=  .069  .166  .166  .128  .069  .055  .046  .049  .065  .087  .090
fcpg=  .095  .189  .204  .156  .108  .081  .052  .041  .033  .026  .017
fcpg=  .207  .291  .204  .099  .044  .032  .042  .030  .013  .015  .023
fcpg=  .082  .168  .153  .098  .054  .040  .061  .068  .068  .119  .081
fcpg=  .080  .188  .228  .164  .095  .067  .058  .050  .031  .033  .008
fcpg=  .203  .283  .203  .112  .039  .034  .039  .040  .015  .015  .017
fcpg=  .063  .162  .159  .108  .058  .045  .052  .067  .069  .123  .086
fcpg=  .083  .196  .220  .156  .092  .074  .058  .044  .040  .029  .008
fcpg=  .194  .286  .212  .114  .053  .035  .034  .028  .015  .013  .016
fcpg=  .070  .137  .142  .101  .056  .054  .061  .071  .089  .115  .097
fcpg=  .110  .215  .238  .138  .082  .053  .060  .044  .040  .014  .005
fcpg=  .172  .285  .215  .110  .054  .046  .035  .023  .021  .020  .018
fcpg=  .065  .128  .143  .097  .063  .051  .057  .061  .101  .127  .099
fcpg=  .108  .233  .238  .145  .073  .052  .053  .038  .037  .013  .009
fcpg=  .177  .281  .230  .114  .046  .039  .035  .017  .019  .020  .021
fcpg=  .063  .129  .147  .097  .053  .043  .061  .056  .075  .105  .162
fcpg=  .119  .238  .225  .152  .082  .052  .040  .044  .022  .014  .011
fcpg=  .187  .263  .228  .119  .047  .033  .045  .033  .019  .016  .011
fcpg=  .058  .117  .123  .099  .060  .049  .060  .090  .086  .116  .135
fcpg=  .124  .257  .227  .154  .076  .041  .050  .037  .019  .008  .007
fcpg=  .197  .275  .205  .122  .039  .032  .037  .029  .025  .018  .021
fcpg=  .062  .122  .120  .091  .056  .043  .075  .080  .089  .134  .119
fcpg=  .139  .255  .241  .158  .065  .042  .038  .036  .018  .007  .001
fcpg=  .213  .299  .206  .097  .036  .036  .032  .035  .024  .016  .006
fcpg=  .081  .136  .120  .076  .053  .048  .061  .090  .119  .123  .085
fcpg=  .154  .264  .237  .157  .064  .034  .035  .028  .015  .009  .003
fcpg=  .225  .310  .205  .088  .037  .022  .034  .022  .018  .020  .019
fcpg=  .080  .132  .133  .075  .045  .038  .068  .092  .083  .076  .169
fcpg=  .163  .281  .255  .135  .061  .031  .032  .021  .009  .008  .003
fcpg=  .222  .302  .200  .095  .042  .027  .043  .024  .018  .021  .008
fcpg=  .085  .150  .156  .098  .052  .057  .070  .060  .060  .093  .111
fcpg=  .179  .300  .245  .122  .049  .033  .027  .014  .019  .007  .006
fcpg=  .217  .304  .214  .101  .039  .039  .031  .023  .012  .010  .010
fcpg=  .087  .164  .164  .095  .049  .053  .064  .052  .053  .070  .141
fcpg=  .172  .314  .248  .122  .054  .020  .022  .022  .014  .006  .006
fcpg=  .225  .311  .217  .084  .042  .039  .027  .023  .013  .013  .006
fcpg=  .093  .173  .167  .099  .050  .066  .063  .055  .054  .061  .109
fcpg=  .188  .311  .219  .125  .057  .024  .024  .027  .012  .009  .004
fcpg=  .233  .314  .204  .104  .045  .028  .020  .019  .009  .009  .015
fcpg=  .104  .195  .147  .080  .051  .041  .049  .063  .059  .058  .143
fcpg=  .194  .313  .244  .113  .045  .026  .027  .020  .011  .006  .001
fcpg=  .236  .309  .216  .107  .055  .029  .012  .012  .006  .009  .010
fcpg=  .108  .187  .157  .084  .059  .062  .058  .065  .053  .055  .104
fcpg=  .204  .325  .243  .115  .049  .023  .021  .014  .005  .001  .000
fcpg=  .224  .310  .220  .104  .052  .027  .016  .012  .009  .016  .011
fcpg=  .086  .192  .158  .097  .053  .052  .066  .068  .065  .065  .089
fcpg=  .241  .327  .231  .108  .040  .029  .014  .008  .001  .000  .000
fcpg=  .238  .322  .227  .089  .044  .025  .021  .014  .011  .007  .002
fcpg=  .107  .208  .175  .097  .052  .068  .074  .062  .049  .043  .056
fcpg=  .251  .332  .215  .099  .041  .023  .014  .017  .005  .002  .000
fcpg=  .222  .324  .225  .104  .043  .027  .015  .011  .013  .009  .007
fcpg=  .106  .202  .170  .091  .042  .053  .060  .074  .072  .069  .053
fcpg=  .239  .322  .235  .102  .043  .023  .015  .012  .007  .003  .000
fcpg=  .216  .314  .219  .107  .041  .034  .029  .012  .017  .010  .001
fcpg=  .117  .202  .164  .082  .047  .062  .068  .061  .078  .077  .034
fcpg=  .214  .338  .232  .109  .039  .025  .019  .008  .010  .005  .001
fcpg=  .216  .330  .230  .103  .038  .020  .015  .017  .009  .010  .010
fcpg=  .105  .189  .167  .094  .044  .050  .055  .064  .070  .076  .078
