fcpg=  .032  .050  .088  .131  .141  .165  .121  .070  .048  .032  .122
fcpg=  .107  .121  .129  .129  .109  .114  .083  .061  .047  .045  .054
fcpg=  .105  .134  .154  .145  .126  .103  .080  .048  .035  .033  .029
fcpg=  .030  .077  .122  .114  .117  .151  .120  .078  .053  .036  .104
fcpg=  .128  .147  .155  .140  .112  .089  .065  .043  .045  .037  .039
fcpg=  .059  .145  .205  .175  .132  .099  .077  .042  .023  .016  .018
fcpg=  .019  .070  .121  .136  .153  .137  .105  .065  .050  .036  .107
fcpg=  .157  .177  .167  .121  .082  .081  .061  .044  .043  .036  .031
fcpg=  .049  .124  .156  .122  .101  .093  .055  .050  .061  .077  .103
fcpg=  .034  .086  .095  .121  .126  .139  .118  .077  .056  .037  .110
fcpg=  .151  .202  .161  .119  .078  .064  .059  .041  .057  .039  .030
fcpg=  .034  .089  .107  .113  .086  .077  .065  .057  .077  .105  .182
fcpg=  .039  .106  .127  .136  .130  .114  .104  .069  .039  .039  .097
fcpg=  .154  .228  .180  .114  .082  .055  .056  .043  .043  .024  .023
fcpg=  .069  .117  .121  .096  .078  .064  .076  .064  .076  .059  .172
fcpg=  .035  .084  .141  .142  .134  .106  .091  .056  .044  .051  .116
fcpg=  .140  .213  .192  .130  .083  .063  .047  .033  .040  .022  .037
fcpg=  .039  .088  .127  .120  .088  .066  .048  .050  .064  .066  .235
fcpg=  .038  .099  .148  .158  .151  .110  .081  .050  .038  .037  .090
fcpg=  .151  .218  .202  .137  .084  .053  .041  .030  .033  .024  .029
fcpg=  .043  .090  .122  .119  .103  .076  .067  .053  .047  .042  .231
fcpg=  .049  .125  .175  .171  .137  .086  .064  .047  .033  .031  .082
fcpg=  .160  .251  .209  .132  .064  .044  .040  .028  .023  .017  .034
fcpg=  .053  .117  .142  .124  .090  .054  .051  .041  .041  .054  .225
fcpg=  .062  .128  .177  .175  .145  .096  .059  .043  .035  .026  .054
fcpg=  .181  .260  .217  .132  .068  .038  .038  .015  .018  .011  .020
fcpg=  .059  .113  .153  .119  .093  .076  .066  .052  .049  .051  .161
fcpg=  .076  .159  .193  .177  .127  .081  .052  .039  .036  .022  .036
fcpg=  .180  .287  .227  .132  .058  .031  .026  .018  .014  .016  .011
fcpg=  .066  .136  .152  .130  .091  .060  .050  .046  .051  .054  .157
fcpg=  .079  .159  .203  .174  .128  .081  .061  .047  .036  .017  .014
fcpg=  .202  .302  .224  .130  .058  .032  .015  .013  .009  .010  .005
fcpg=  .070  .153  .164  .146  .107  .073  .055  .046  .046  .055  .076
fcpg=  .082  .178  .221  .172  .121  .071  .058  .044  .031  .012  .010
fcpg=  .184  .322  .226  .126  .058  .028  .023  .018  .007  .006  .002
fcpg=  .064  .166  .185  .150  .094  .057  .056  .049  .049  .044  .077
fcpg=  .080  .183  .213  .184  .117  .077  .049  .044  .026  .017  .011
fcpg=  .188  .307  .251  .135  .056  .021  .016  .013  .007  .003  .001
fcpg=  .063  .156  .183  .152  .101  .067  .054  .053  .042  .038  .081
fcpg=  .079  .166  .216  .190  .126  .075  .049  .033  .021  .023  .022
fcpg=  .168  .304  .261  .137  .055  .021  .020  .013  .011  .009  .001
fcpg=  .064  .149  .160  .144  .099  .060  .053  .050  .041  .055  .117
fcpg=  .082  .185  .235  .184  .112  .070  .051  .028  .019  .025  .010
fcpg=  .171  .307  .254  .137  .060  .024  .018  .010  .010  .006  .001
fcpg=  .070  .153  .178  .133  .083  .053  .049  .043  .049  .058  .123
fcpg=  .083  .198  .245  .166  .103  .056  .049  .033  .022  .012  .033
fcpg=  .175  .302  .271  .126  .049  .023  .014  .011  .006  .008  .014
fcpg=  .098  .183  .202  .133  .079  .041  .028  .026  .027  .023  .152
fcpg=  .098  .219  .228  .165  .099  .048  .052  .033  .019  .012  .028
fcpg=  .195  .306  .241  .129  .042  .035  .017  .010  .006  .009  .010
fcpg=  .083  .169  .170  .135  .072  .056  .053  .041  .028  .028  .158
fcpg=  .111  .226  .254  .162  .081  .044  .044  .033  .015  .006  .024
fcpg=  .225  .318  .229  .108  .047  .025  .014  .010  .007  .006  .011
fcpg=  .101  .179  .179  .135  .081  .054  .038  .036  .028  .024  .137
fcpg=  .134  .266  .229  .153  .076  .050  .034  .026  .013  .008  .012
fcpg=  .197  .342  .236  .117  .046  .026  .017  .007  .005  .006  .000
fcpg=  .079  .179  .169  .127  .078  .061  .064  .065  .067  .055  .047
fcpg=  .144  .271  .249  .141  .069  .044  .029  .024  .017  .004  .009
fcpg=  .201  .342  .257  .114  .045  .016  .011  .008  .006  .002  .000
fcpg=  .089  .203  .198  .136  .085  .058  .043  .053  .071  .038  .017
fcpg=  .154  .279  .236  .146  .071  .037  .030  .020  .016  .010  .001
fcpg=  .191  .346  .261  .122  .042  .016  .010  .009  .002  .000  .000
fcpg=  .096  .200  .208  .133  .065  .057  .069  .061  .046  .050  .007
fcpg=  .176  .269  .232  .145  .067  .035  .025  .023  .013  .012  .002
fcpg=  .211  .333  .258  .118  .038  .016  .012  .010  .003  .001  .000
fcpg=  .106  .213  .204  .121  .060  .050  .047  .050  .058  .072  .010
fcpg=  .168  .291  .241  .132  .060  .040  .028  .015  .013  .010  .002
fcpg=  .236  .331  .242  .107  .043  .016  .014  .007  .003  .000  .000
fcpg=  .108  .205  .183  .123  .072  .063  .064  .053  .033  .063  .025
fcpg=  .176  .299  .234  .128  .053  .034  .025  .019  .018  .009  .005
fcpg=  .221  .333  .236  .113  .051  .019  .012  .007  .004  .005  .000
fcpg=  .114  .204  .190  .111  .064  .045  .035  .035  .053  .077  .065
fcpg=  .197  .302  .233  .118  .055  .028  .029  .019  .011  .005  .004
fcpg=  .231  .329  .232  .120  .044  .018  .014  .009  .002  .000  .000
fcpg=  .120  .201  .185  .120  .058  .040  .046  .048  .053  .074  .046
fcpg=  .187  .312  .226  .130  .047  .032  .030  .020  .008  .003  .002
fcpg=  .235  .340  .233  .106  .045  .019  .007  .004  .005  .005  .001
fcpg=  .130  .226  .169  .103  .057  .044  .043  .047  .061  .050  .063
fcpg=  .188  .315  .231  .119  .056  .034  .026  .018  .010  .003  .000
fcpg=  .244  .342  .237  .109  .036  .018  .006  .004  .004  .000  .000
fcpg=  .151  .209  .185  .094  .051  .036  .046  .061  .068  .045  .045
fcpg=  .210  .307  .235  .121  .046  .030  .020  .011  .014  .005  .001
fcpg=  .247  .345  .207  .108  .039  .015  .013  .012  .008  .006  .000
fcpg=  .146  .199  .170  .104  .049  .047  .047  .060  .057  .063  .049
fcpg=  .194  .328  .249  .115  .044  .015  .020  .015  .014  .005  .000
fcpg=  .262  .327  .222  .097  .038  .018  .015  .013  .007  .001  .000
fcpg=  .115  .205  .171  .105  .051  .039  .050  .066  .067  .064  .058
fcpg=  .196  .319  .244  .117  .044  .021  .014  .018  .009  .011  .008
fcpg=  .271  .329  .209  .095  .031  .016  .016  .015  .009  .005  .004
fcpg=  .126  .185  .166  .095  .046  .038  .042  .058  .054  .078  .104
fcpg=  .219  .301  .239  .112  .049  .023  .017  .013  .006  .016  .005
fcpg=  .275  .337  .208  .085  .031  .017  .012  .018  .011  .003  .003
fcpg=  .129  .195  .166  .085  .042  .037  .039  .062  .054  .077  .105
fcpg=  .215  .312  .233  .121  .042  .019  .016  .012  .011  .006  .012
fcpg=  .261  .337  .214  .086  .026  .020  .023  .013  .006  .005  .009
fcpg=  .121  .187  .154  .084  .035  .044  .053  .054  .060  .066  .132
