fcpg=  .019  .050  .094  .096  .110  .142  .137  .090  .084  .061  .117
fcpg=  .097  .134  .146  .121  .107  .108  .088  .050  .043  .030  .077
fcpg=  .058  .142  .173  .152  .123  .098  .070  .049  .039  .037  .050
fcpg=  .032  .065  .099  .122  .131  .155  .128  .082  .052  .045  .088
fcpg=  .107  .145  .137  .130  .102  .102  .066  .054  .042  .039  .077
fcpg=  .078  .135  .158  .169  .136  .105  .063  .033  .023  .018  .073
fcpg=  .034  .073  .134  .129  .144  .138  .107  .072  .059  .031  .079
fcpg=  .107  .165  .168  .136  .100  .075  .059  .048  .038  .048  .057
fcpg=  .068  .171  .209  .168  .114  .088  .055  .037  .034  .018  .032
fcpg=  .033  .095  .133  .149  .140  .126  .098  .070  .044  .038  .074
fcpg=  .110  .201  .172  .125  .095  .072  .058  .044  .032  .041  .050
fcpg=  .047  .126  .163  .161  .134  .095  .076  .049  .044  .040  .057
fcpg=  .037  .108  .158  .155  .141  .115  .105  .066  .034  .026  .057
fcpg=  .144  .200  .190  .135  .095  .071  .056  .035  .023  .026  .027
fcpg=  .079  .155  .184  .148  .115  .084  .073  .040  .028  .025  .060
fcpg=  .045  .104  .150  .161  .143  .115  .090  .061  .043  .036  .053
fcpg=  .140  .221  .193  .134  .091  .063  .048  .031  .023  .028  .027
fcpg=  .058  .128  .152  .139  .113  .085  .067  .056  .048  .051  .095
fcpg=  .039  .107  .157  .180  .154  .119  .081  .056  .039  .025  .043
fcpg=  .165  .241  .205  .131  .072  .046  .033  .024  .029  .025  .028
fcpg=  .060  .125  .156  .153  .100  .071  .058  .054  .043  .060  .111
fcpg=  .045  .109  .148  .163  .157  .127  .100  .053  .033  .034  .032
fcpg=  .177  .259  .212  .125  .063  .046  .026  .022  .022  .020  .027
fcpg=  .073  .128  .153  .138  .107  .070  .074  .048  .036  .041  .122
fcpg=  .059  .128  .184  .182  .150  .100  .070  .049  .027  .026  .025
fcpg=  .172  .269  .212  .116  .073  .048  .025  .021  .020  .023  .020
fcpg=  .053  .138  .178  .158  .120  .085  .053  .033  .021  .039  .113
fcpg=  .055  .146  .182  .168  .147  .100  .067  .051  .030  .029  .025
fcpg=  .169  .280  .232  .130  .060  .034  .023  .023  .015  .017  .017
fcpg=  .070  .150  .170  .146  .102  .055  .047  .030  .034  .061  .127
fcpg=  .059  .143  .200  .181  .128  .087  .056  .044  .036  .036  .031
fcpg=  .181  .301  .226  .120  .045  .025  .026  .020  .022  .012  .022
fcpg=  .052  .132  .157  .129  .088  .063  .057  .044  .056  .066  .146
fcpg=  .064  .155  .204  .186  .130  .081  .052  .040  .031  .032  .027
fcpg=  .201  .279  .226  .119  .044  .030  .021  .020  .016  .015  .029
fcpg=  .067  .140  .166  .119  .081  .059  .037  .044  .039  .064  .175
fcpg=  .088  .168  .207  .183  .110  .072  .052  .033  .030  .027  .029
fcpg=  .182  .311  .239  .115  .032  .034  .018  .015  .014  .015  .024
fcpg=  .060  .131  .150  .122  .075  .064  .047  .042  .057  .078  .165
fcpg=  .089  .186  .199  .173  .109  .061  .057  .046  .032  .022  .027
fcpg=  .202  .310  .220  .112  .041  .023  .017  .011  .016  .014  .035
fcpg=  .066  .135  .142  .102  .058  .047  .043  .038  .056  .081  .224
fcpg=  .089  .185  .222  .160  .108  .065  .056  .046  .034  .022  .014
fcpg=  .236  .309  .208  .097  .036  .020  .022  .014  .016  .015  .028
fcpg=  .081  .135  .137  .099  .067  .046  .054  .052  .073  .080  .167
fcpg=  .081  .167  .222  .171  .107  .070  .054  .052  .041  .025  .009
fcpg=  .228  .303  .214  .086  .040  .029  .028  .016  .018  .017  .022
fcpg=  .050  .106  .120  .095  .059  .056  .060  .076  .095  .119  .155
fcpg=  .088  .203  .232  .164  .096  .062  .045  .044  .038  .023  .005
fcpg=  .221  .315  .206  .089  .038  .023  .028  .021  .016  .021  .021
fcpg=  .056  .119  .133  .090  .056  .053  .069  .082  .093  .110  .131
fcpg=  .102  .239  .230  .144  .084  .055  .041  .040  .032  .020  .014
fcpg=  .223  .330  .207  .090  .033  .025  .026  .018  .011  .018  .019
fcpg=  .057  .129  .136  .094  .051  .046  .062  .072  .075  .105  .163
fcpg=  .108  .247  .254  .140  .087  .046  .035  .032  .023  .016  .013
fcpg=  .230  .316  .211  .097  .033  .024  .017  .016  .014  .018  .025
fcpg=  .073  .133  .136  .078  .047  .048  .064  .069  .070  .092  .181
fcpg=  .128  .252  .246  .159  .076  .039  .030  .030  .017  .006  .016
fcpg=  .227  .300  .204  .110  .040  .022  .021  .015  .013  .021  .027
fcpg=  .076  .114  .119  .083  .049  .048  .071  .080  .091  .088  .171
fcpg=  .146  .261  .242  .152  .062  .035  .030  .025  .024  .009  .013
fcpg=  .249  .302  .197  .090  .039  .027  .021  .015  .026  .016  .018
fcpg=  .067  .128  .117  .088  .048  .055  .062  .063  .078  .089  .194
fcpg=  .160  .266  .237  .142  .072  .041  .027  .017  .018  .009  .012
fcpg=  .232  .298  .209  .099  .035  .026  .020  .020  .012  .029  .019
fcpg=  .071  .112  .112  .084  .049  .052  .059  .061  .088  .111  .194
fcpg=  .172  .272  .244  .141  .060  .042  .024  .018  .014  .010  .004
fcpg=  .199  .306  .207  .113  .044  .029  .022  .022  .026  .024  .009
fcpg=  .071  .124  .122  .087  .051  .056  .060  .072  .095  .095  .158
fcpg=  .152  .280  .253  .141  .069  .039  .019  .016  .011  .012  .008
fcpg=  .212  .317  .214  .097  .042  .025  .023  .018  .022  .021  .009
fcpg=  .063  .129  .121  .074  .055  .071  .077  .063  .070  .103  .165
fcpg=  .180  .299  .234  .126  .066  .036  .017  .012  .010  .014  .005
fcpg=  .227  .312  .194  .098  .044  .031  .028  .022  .018  .023  .003
fcpg=  .079  .140  .111  .067  .060  .074  .088  .086  .064  .085  .138
fcpg=  .182  .306  .232  .133  .051  .023  .026  .017  .017  .013  .001
fcpg=  .224  .299  .202  .104  .049  .030  .026  .028  .009  .012  .017
fcpg=  .076  .138  .120  .070  .050  .060  .079  .078  .083  .093  .145
fcpg=  .195  .301  .245  .120  .047  .022  .026  .015  .015  .012  .001
fcpg=  .224  .297  .217  .095  .044  .030  .032  .028  .014  .009  .009
fcpg=  .080  .137  .133  .065  .043  .053  .087  .106  .075  .110  .102
fcpg=  .218  .300  .232  .109  .054  .023  .022  .018  .013  .011  .002
fcpg=  .217  .330  .210  .091  .038  .031  .025  .012  .018  .014  .014
fcpg=  .080  .146  .132  .064  .046  .063  .081  .066  .081  .102  .131
fcpg=  .220  .311  .237  .110  .046  .020  .024  .011  .015  .005  .001
fcpg=  .241  .331  .198  .082  .037  .024  .030  .018  .021  .013  .005
fcpg=  .091  .145  .123  .068  .045  .056  .093  .079  .094  .097  .101
fcpg=  .231  .314  .241  .104  .032  .017  .027  .013  .010  .010  .001
fcpg=  .246  .325  .204  .075  .030  .028  .030  .015  .012  .020  .014
fcpg=  .092  .144  .112  .067  .040  .062  .088  .067  .087  .140  .091
fcpg=  .245  .320  .207  .111  .037  .021  .020  .020  .010  .008  .000
fcpg=  .258  .320  .198  .081  .033  .022  .027  .021  .015  .020  .006
fcpg=  .092  .131  .116  .074  .049  .058  .079  .084  .082  .166  .060
fcpg=  .266  .322  .205  .090  .040  .014  .017  .022  .010  .010  .002
fcpg=  .244  .326  .205  .082  .031  .026  .028  .020  .011  .023  .005
fcpg=  .081  .138  .120  .069  .048  .049  .069  .081  .065  .142  .129
