fcpg=  .040  .066  .099  .104  .116  .144  .119  .082  .064  .055  .111
fcpg=  .079  .109  .165  .149  .137  .125  .074  .046  .033  .017  .066
fcpg=  .094  .155  .195  .135  .097  .094  .063  .043  .033  .026  .058
fcpg=  .035  .070  .100  .114  .133  .148  .113  .091  .057  .037  .102
fcpg=  .075  .131  .183  .165  .124  .087  .075  .051  .035  .024  .052
fcpg=  .040  .102  .139  .149  .132  .115  .090  .057  .043  .032  .092
fcpg=  .038  .090  .127  .131  .125  .122  .101  .069  .051  .046  .100
fcpg=  .069  .149  .182  .179  .130  .090  .068  .044  .033  .021  .034
fcpg=  .041  .103  .134  .134  .106  .091  .065  .052  .061  .081  .124
fcpg=  .047  .097  .124  .142  .121  .123  .098  .071  .047  .044  .086
fcpg=  .069  .177  .200  .182  .124  .071  .052  .036  .032  .035  .023
fcpg=  .030  .092  .138  .152  .110  .096  .069  .055  .053  .061  .136
fcpg=  .071  .138  .168  .152  .111  .101  .071  .051  .033  .034  .071
fcpg=  .088  .213  .215  .164  .102  .062  .044  .040  .027  .031  .014
fcpg=  .085  .143  .170  .144  .089  .082  .052  .036  .045  .049  .096
fcpg=  .080  .147  .182  .172  .114  .091  .071  .043  .036  .027  .037
fcpg=  .119  .239  .232  .144  .079  .050  .036  .024  .026  .023  .028
fcpg=  .065  .145  .173  .151  .096  .062  .041  .028  .037  .052  .141
fcpg=  .079  .170  .197  .166  .108  .091  .073  .044  .025  .017  .030
fcpg=  .133  .229  .221  .154  .078  .043  .033  .027  .020  .035  .025
fcpg=  .057  .150  .171  .142  .094  .069  .050  .045  .030  .056  .127
fcpg=  .080  .178  .194  .180  .134  .076  .061  .037  .025  .016  .019
fcpg=  .154  .240  .221  .143  .069  .040  .034  .021  .027  .026  .027
fcpg=  .061  .153  .174  .151  .097  .062  .055  .039  .037  .058  .104
fcpg=  .081  .179  .208  .191  .124  .083  .048  .030  .020  .015  .022
fcpg=  .151  .255  .211  .138  .077  .041  .024  .024  .023  .026  .031
fcpg=  .056  .147  .180  .152  .098  .060  .040  .033  .047  .064  .113
fcpg=  .089  .184  .198  .168  .126  .084  .051  .030  .023  .019  .028
fcpg=  .173  .249  .222  .141  .061  .043  .031  .021  .017  .013  .028
fcpg=  .065  .138  .167  .137  .089  .061  .049  .035  .033  .066  .151
fcpg=  .107  .199  .223  .159  .098  .066  .037  .031  .021  .022  .037
fcpg=  .164  .278  .232  .147  .064  .027  .019  .014  .014  .009  .031
fcpg=  .058  .141  .168  .124  .076  .062  .049  .049  .035  .053  .177
fcpg=  .129  .216  .234  .157  .083  .049  .030  .025  .023  .019  .034
fcpg=  .165  .280  .240  .135  .067  .033  .018  .017  .009  .006  .032
fcpg=  .059  .139  .161  .116  .079  .059  .047  .046  .050  .043  .193
fcpg=  .113  .228  .235  .166  .086  .050  .033  .029  .020  .016  .025
fcpg=  .167  .279  .241  .131  .065  .029  .033  .018  .008  .011  .018
fcpg=  .056  .135  .150  .116  .089  .071  .055  .054  .051  .061  .155
fcpg=  .131  .238  .240  .144  .078  .048  .037  .022  .021  .016  .024
fcpg=  .181  .293  .235  .121  .058  .031  .023  .020  .008  .012  .019
fcpg=  .058  .126  .130  .101  .074  .069  .070  .059  .054  .059  .191
fcpg=  .142  .248  .237  .146  .074  .049  .034  .020  .022  .017  .009
fcpg=  .202  .288  .239  .112  .051  .034  .020  .025  .013  .006  .011
fcpg=  .074  .133  .160  .115  .080  .074  .054  .053  .060  .064  .125
fcpg=  .153  .262  .226  .139  .076  .047  .029  .026  .019  .016  .007
fcpg=  .191  .320  .220  .109  .056  .030  .026  .015  .014  .005  .014
fcpg=  .075  .139  .122  .108  .087  .075  .065  .060  .064  .068  .129
fcpg=  .146  .278  .248  .136  .063  .040  .021  .030  .020  .014  .003
fcpg=  .200  .306  .220  .109  .046  .032  .022  .019  .019  .015  .011
fcpg=  .079  .158  .153  .108  .057  .048  .043  .063  .067  .096  .121
fcpg=  .159  .296  .239  .131  .061  .027  .025  .021  .014  .017  .010
fcpg=  .207  .316  .224  .090  .039  .024  .026  .015  .015  .013  .031
fcpg=  .084  .179  .151  .082  .054  .037  .044  .042  .062  .076  .180
fcpg=  .173  .293  .230  .134  .058  .030  .023  .017  .017  .012  .013
fcpg=  .228  .316  .214  .091  .031  .024  .019  .022  .014  .022  .018
fcpg=  .085  .164  .152  .089  .043  .044  .035  .049  .055  .101  .176
fcpg=  .170  .313  .238  .121  .054  .024  .019  .019  .017  .014  .011
fcpg=  .222  .311  .214  .090  .031  .024  .025  .027  .012  .016  .028
fcpg=  .075  .164  .143  .085  .039  .035  .045  .057  .061  .093  .193
fcpg=  .181  .286  .248  .126  .046  .032  .025  .017  .014  .016  .009
fcpg=  .210  .298  .211  .097  .041  .024  .035  .025  .022  .023  .015
fcpg=  .073  .129  .132  .090  .048  .051  .067  .062  .063  .082  .195
fcpg=  .191  .298  .240  .118  .044  .031  .023  .020  .016  .014  .005
fcpg=  .222  .295  .205  .095  .037  .024  .034  .029  .020  .022  .016
fcpg=  .084  .118  .123  .073  .045  .049  .063  .063  .073  .112  .187
fcpg=  .188  .317  .221  .126  .050  .028  .021  .017  .017  .011  .003
fcpg=  .226  .297  .205  .087  .033  .027  .031  .028  .035  .023  .008
fcpg=  .073  .140  .123  .073  .052  .053  .071  .063  .097  .095  .154
fcpg=  .183  .305  .244  .122  .051  .026  .014  .014  .015  .018  .008
fcpg=  .218  .316  .203  .090  .035  .030  .028  .024  .030  .012  .012
fcpg=  .057  .105  .113  .074  .061  .064  .073  .080  .095  .097  .172
fcpg=  .206  .311  .219  .116  .057  .024  .015  .012  .014  .017  .010
fcpg=  .232  .319  .206  .092  .038  .024  .023  .019  .019  .019  .009
fcpg=  .056  .127  .131  .084  .055  .050  .057  .063  .080  .127  .162
fcpg=  .224  .305  .228  .111  .040  .019  .020  .015  .009  .016  .012
fcpg=  .249  .310  .190  .087  .038  .024  .030  .025  .017  .009  .019
fcpg=  .055  .119  .124  .075  .054  .047  .059  .061  .074  .124  .200
fcpg=  .219  .308  .233  .106  .039  .019  .018  .014  .014  .016  .013
fcpg=  .240  .323  .192  .085  .030  .026  .025  .030  .023  .014  .011
fcpg=  .059  .141  .117  .082  .048  .043  .048  .064  .081  .112  .197
fcpg=  .235  .307  .208  .107  .045  .021  .018  .017  .014  .011  .018
fcpg=  .242  .305  .177  .089  .040  .033  .024  .032  .020  .016  .022
fcpg=  .060  .122  .120  .077  .058  .042  .045  .063  .086  .099  .220
fcpg=  .217  .333  .202  .111  .047  .020  .014  .015  .017  .012  .010
fcpg=  .244  .310  .182  .077  .039  .026  .034  .035  .025  .011  .018
fcpg=  .064  .124  .104  .073  .047  .051  .067  .086  .103  .083  .190
fcpg=  .223  .325  .203  .103  .051  .024  .015  .018  .014  .013  .010
fcpg=  .245  .309  .179  .080  .023  .032  .039  .036  .022  .011  .025
fcpg=  .062  .113  .091  .062  .033  .050  .079  .100  .108  .100  .192
fcpg=  .241  .310  .219  .104  .039  .021  .017  .012  .017  .019  .002
fcpg=  .243  .289  .192  .070  .037  .029  .037  .042  .026  .017  .018
fcpg=  .067  .107  .086  .056  .031  .044  .086  .117  .112  .103  .182
fcpg=  .243  .314  .219  .104  .036  .021  .015  .010  .016  .018  .004
fcpg=  .241  .304  .187  .077  .031  .031  .034  .029  .022  .018  .027
fcpg=  .072  .103  .086  .045  .032  .057  .088  .084  .100  .111  .214
