fcpg=  .023  .035  .059  .084  .115  .154  .129  .103  .070  .047  .180
fcpg=  .079  .122  .160  .147  .137  .114  .083  .054  .037  .032  .036
fcpg=  .063  .094  .117  .130  .140  .109  .088  .072  .059  .061  .059
fcpg=  .016  .031  .060  .089  .123  .151  .139  .089  .066  .048  .187
fcpg=  .090  .166  .167  .165  .106  .090  .067  .054  .039  .035  .022
fcpg=  .024  .071  .119  .155  .122  .101  .078  .065  .044  .055  .159
fcpg=  .025  .053  .081  .102  .123  .139  .121  .081  .058  .032  .184
fcpg=  .086  .183  .187  .160  .104  .072  .071  .050  .039  .029  .020
fcpg=  .037  .091  .109  .109  .102  .084  .088  .067  .053  .074  .177
fcpg=  .023  .065  .080  .125  .126  .140  .114  .067  .055  .041  .163
fcpg=  .090  .177  .200  .155  .094  .074  .059  .055  .050  .030  .017
fcpg=  .013  .070  .104  .116  .083  .096  .091  .077  .077  .074  .190
fcpg=  .028  .074  .111  .132  .139  .118  .101  .068  .051  .056  .123
fcpg=  .085  .207  .208  .152  .086  .073  .055  .052  .036  .031  .014
fcpg=  .026  .067  .099  .095  .084  .080  .099  .098  .079  .093  .171
fcpg=  .037  .089  .138  .132  .119  .108  .092  .063  .053  .052  .117
fcpg=  .089  .194  .198  .145  .091  .066  .063  .047  .042  .041  .024
fcpg=  .017  .057  .089  .098  .074  .071  .076  .072  .070  .096  .273
fcpg=  .041  .093  .136  .147  .117  .112  .084  .070  .049  .053  .098
fcpg=  .109  .186  .193  .152  .083  .063  .056  .054  .045  .024  .035
fcpg=  .022  .053  .082  .094  .083  .069  .056  .064  .060  .076  .331
fcpg=  .042  .108  .154  .152  .128  .104  .073  .054  .039  .043  .104
fcpg=  .118  .208  .201  .156  .077  .052  .055  .052  .024  .019  .038
fcpg=  .036  .083  .106  .089  .057  .051  .048  .054  .049  .071  .349
fcpg=  .059  .124  .165  .156  .126  .090  .070  .047  .036  .051  .076
fcpg=  .128  .231  .218  .129  .069  .055  .048  .030  .022  .031  .041
fcpg=  .058  .095  .104  .087  .054  .047  .057  .043  .058  .089  .299
fcpg=  .063  .136  .173  .155  .123  .096  .073  .053  .032  .049  .046
fcpg=  .128  .234  .221  .150  .077  .047  .030  .023  .021  .036  .034
fcpg=  .040  .086  .112  .087  .059  .055  .057  .066  .072  .083  .275
fcpg=  .057  .148  .181  .172  .123  .086  .070  .055  .036  .037  .033
fcpg=  .128  .232  .215  .162  .068  .050  .036  .028  .026  .029  .026
fcpg=  .035  .087  .106  .093  .056  .065  .077  .069  .072  .089  .243
fcpg=  .063  .159  .206  .180  .120  .081  .064  .041  .037  .025  .023
fcpg=  .139  .225  .211  .139  .076  .055  .044  .035  .024  .018  .033
fcpg=  .020  .059  .095  .092  .071  .060  .070  .078  .114  .091  .241
fcpg=  .085  .188  .216  .167  .121  .074  .054  .037  .031  .021  .006
fcpg=  .133  .244  .214  .124  .069  .063  .046  .032  .030  .024  .022
fcpg=  .033  .080  .105  .086  .061  .054  .067  .082  .092  .104  .227
fcpg=  .097  .194  .216  .164  .111  .068  .051  .039  .030  .020  .011
fcpg=  .135  .245  .216  .126  .070  .056  .053  .036  .017  .020  .027
fcpg=  .022  .064  .104  .083  .064  .060  .091  .101  .092  .101  .210
fcpg=  .112  .227  .230  .166  .104  .059  .041  .020  .016  .014  .011
fcpg=  .127  .237  .204  .136  .064  .051  .065  .041  .029  .027  .019
fcpg=  .030  .082  .104  .087  .066  .058  .083  .078  .100  .101  .203
fcpg=  .127  .236  .233  .157  .098  .054  .036  .024  .009  .010  .017
fcpg=  .154  .241  .192  .118  .072  .050  .054  .048  .032  .015  .024
fcpg=  .027  .086  .100  .078  .059  .060  .088  .081  .081  .088  .241
fcpg=  .140  .250  .228  .155  .083  .054  .033  .020  .015  .005  .017
fcpg=  .144  .243  .210  .106  .054  .048  .058  .063  .029  .024  .020
fcpg=  .038  .090  .100  .086  .048  .056  .071  .088  .073  .096  .246
fcpg=  .138  .254  .250  .143  .077  .042  .038  .021  .015  .011  .010
fcpg=  .163  .263  .191  .107  .050  .040  .056  .060  .029  .018  .022
fcpg=  .038  .091  .094  .070  .056  .044  .067  .071  .088  .120  .254
fcpg=  .146  .278  .247  .143  .060  .042  .030  .021  .014  .012  .005
fcpg=  .154  .239  .198  .115  .056  .056  .052  .045  .053  .018  .014
fcpg=  .043  .089  .100  .075  .050  .055  .066  .066  .100  .100  .247
fcpg=  .168  .273  .233  .153  .069  .032  .022  .017  .013  .011  .008
fcpg=  .158  .269  .209  .109  .054  .037  .051  .048  .030  .021  .015
fcpg=  .048  .095  .100  .084  .055  .054  .069  .067  .090  .096  .234
fcpg=  .158  .301  .255  .131  .064  .029  .019  .015  .013  .007  .009
fcpg=  .184  .273  .200  .107  .049  .035  .044  .045  .033  .023  .008
fcpg=  .065  .112  .116  .073  .046  .049  .068  .070  .090  .072  .229
fcpg=  .163  .289  .240  .140  .070  .034  .022  .012  .010  .008  .013
fcpg=  .181  .272  .213  .111  .053  .044  .044  .033  .015  .015  .020
fcpg=  .075  .127  .122  .076  .047  .043  .059  .060  .055  .070  .259
fcpg=  .177  .287  .226  .125  .068  .039  .024  .020  .012  .011  .010
fcpg=  .173  .277  .198  .127  .058  .044  .039  .031  .016  .017  .021
fcpg=  .087  .117  .122  .086  .055  .040  .053  .056  .046  .077  .252
fcpg=  .165  .274  .246  .127  .064  .037  .032  .018  .016  .012  .010
fcpg=  .178  .285  .216  .129  .049  .039  .037  .017  .011  .015  .025
fcpg=  .066  .139  .141  .079  .039  .040  .050  .043  .059  .075  .260
fcpg=  .176  .283  .229  .132  .051  .037  .035  .025  .009  .015  .008
fcpg=  .197  .283  .209  .116  .055  .036  .035  .024  .016  .009  .020
fcpg=  .085  .135  .115  .090  .048  .046  .051  .058  .051  .069  .244
fcpg=  .195  .293  .233  .121  .048  .034  .025  .017  .014  .013  .006
fcpg=  .204  .304  .203  .113  .051  .031  .032  .017  .010  .009  .025
fcpg=  .064  .130  .124  .096  .059  .041  .053  .056  .057  .070  .242
fcpg=  .192  .312  .234  .107  .052  .029  .027  .017  .012  .011  .007
fcpg=  .228  .303  .206  .091  .055  .034  .021  .021  .014  .015  .012
fcpg=  .081  .146  .120  .074  .054  .044  .051  .066  .055  .083  .218
fcpg=  .205  .311  .227  .117  .050  .029  .020  .012  .011  .012  .006
fcpg=  .228  .309  .207  .101  .050  .026  .027  .009  .011  .014  .018
fcpg=  .100  .147  .126  .074  .038  .037  .056  .047  .066  .077  .222
fcpg=  .201  .313  .224  .116  .059  .031  .016  .012  .010  .011  .007
fcpg=  .216  .297  .213  .099  .040  .038  .035  .021  .013  .019  .010
fcpg=  .101  .154  .120  .066  .036  .037  .055  .057  .068  .075  .223
fcpg=  .225  .310  .232  .104  .043  .029  .020  .014  .008  .005  .010
fcpg=  .240  .311  .205  .098  .041  .028  .018  .012  .012  .016  .020
fcpg=  .100  .167  .134  .065  .031  .038  .047  .056  .054  .065  .235
fcpg=  .232  .317  .231  .102  .040  .029  .017  .013  .007  .006  .007
fcpg=  .230  .297  .221  .098  .046  .030  .023  .012  .012  .015  .016
fcpg=  .102  .150  .128  .073  .040  .044  .050  .050  .053  .096  .206
fcpg=  .247  .361  .201  .099  .032  .019  .018  .006  .005  .005  .007
fcpg=  .213  .309  .230  .108  .042  .030  .015  .009  .013  .014  .018
fcpg=  .095  .156  .128  .073  .043  .043  .050  .055  .058  .080  .210
