fcpg=  .017  .030  .069  .109  .140  .164  .128  .088  .071  .053  .130
fcpg=  .070  .128  .150  .125  .123  .105  .094  .059  .051  .041  .055
fcpg=  .044  .091  .143  .130  .127  .101  .085  .062  .056  .055  .097
fcpg=  .017  .051  .096  .132  .150  .152  .132  .083  .062  .041  .084
fcpg=  .077  .129  .153  .151  .118  .098  .093  .058  .056  .041  .026
fcpg=  .056  .092  .139  .158  .143  .125  .094  .062  .046  .038  .038
fcpg=  .022  .060  .104  .120  .156  .147  .129  .087  .058  .040  .077
fcpg=  .079  .157  .163  .148  .142  .106  .077  .052  .036  .025  .014
fcpg=  .049  .115  .140  .139  .130  .134  .092  .068  .049  .036  .038
fcpg=  .028  .058  .115  .146  .154  .144  .133  .085  .048  .030  .059
fcpg=  .082  .182  .195  .164  .126  .076  .076  .039  .026  .019  .014
fcpg=  .055  .113  .153  .148  .148  .093  .085  .055  .044  .039  .057
fcpg=  .029  .071  .127  .168  .158  .148  .117  .065  .040  .029  .048
fcpg=  .086  .195  .212  .179  .119  .081  .045  .034  .021  .018  .011
fcpg=  .068  .132  .151  .152  .124  .094  .069  .049  .033  .034  .085
fcpg=  .026  .077  .138  .170  .168  .144  .097  .065  .040  .029  .047
fcpg=  .081  .192  .235  .185  .124  .067  .044  .029  .021  .017  .007
fcpg=  .042  .092  .153  .139  .117  .091  .069  .044  .042  .061  .143
fcpg=  .029  .099  .167  .168  .158  .127  .087  .055  .032  .025  .052
fcpg=  .090  .200  .221  .180  .127  .074  .045  .018  .021  .016  .007
fcpg=  .033  .094  .137  .124  .100  .085  .064  .046  .045  .055  .208
fcpg=  .035  .110  .170  .162  .150  .119  .088  .046  .032  .036  .051
fcpg=  .095  .202  .230  .174  .114  .073  .034  .024  .017  .021  .016
fcpg=  .029  .089  .132  .122  .103  .092  .068  .044  .040  .064  .210
fcpg=  .055  .131  .175  .174  .139  .101  .071  .049  .034  .033  .039
fcpg=  .113  .207  .228  .170  .086  .058  .046  .030  .018  .025  .020
fcpg=  .028  .093  .128  .138  .091  .087  .062  .051  .040  .054  .221
fcpg=  .060  .145  .207  .171  .122  .087  .063  .042  .035  .027  .041
fcpg=  .133  .228  .216  .155  .079  .046  .033  .028  .021  .027  .034
fcpg=  .031  .091  .122  .119  .087  .067  .060  .055  .050  .060  .251
fcpg=  .064  .146  .213  .191  .130  .073  .050  .037  .029  .023  .045
fcpg=  .141  .249  .212  .139  .072  .044  .037  .032  .019  .019  .035
fcpg=  .038  .082  .114  .103  .081  .081  .062  .061  .046  .054  .271
fcpg=  .067  .182  .217  .199  .122  .063  .038  .028  .028  .021  .036
fcpg=  .146  .263  .228  .125  .057  .035  .031  .029  .027  .026  .031
fcpg=  .039  .107  .111  .108  .094  .065  .063  .055  .058  .064  .227
fcpg=  .073  .184  .226  .179  .107  .071  .049  .031  .026  .022  .032
fcpg=  .151  .279  .223  .125  .062  .033  .030  .031  .025  .024  .017
fcpg=  .050  .106  .114  .093  .076  .061  .068  .064  .058  .091  .210
fcpg=  .082  .216  .228  .168  .113  .059  .031  .024  .033  .021  .026
fcpg=  .169  .271  .227  .117  .055  .033  .032  .028  .018  .024  .026
fcpg=  .037  .109  .125  .097  .074  .064  .053  .054  .060  .074  .245
fcpg=  .103  .232  .222  .169  .088  .044  .027  .036  .036  .024  .019
fcpg=  .191  .277  .223  .107  .049  .036  .029  .023  .022  .023  .020
fcpg=  .052  .120  .128  .092  .063  .055  .053  .063  .075  .088  .202
fcpg=  .126  .224  .240  .171  .075  .042  .025  .028  .026  .023  .020
fcpg=  .216  .298  .210  .107  .042  .026  .033  .018  .011  .011  .027
fcpg=  .062  .125  .128  .098  .053  .053  .065  .067  .062  .074  .206
fcpg=  .140  .246  .239  .153  .074  .035  .024  .029  .022  .021  .017
fcpg=  .195  .299  .227  .104  .045  .023  .031  .027  .009  .011  .029
fcpg=  .063  .126  .132  .096  .055  .058  .065  .076  .059  .090  .172
fcpg=  .146  .248  .231  .141  .073  .045  .031  .024  .028  .018  .015
fcpg=  .208  .307  .210  .113  .048  .022  .025  .019  .008  .011  .029
fcpg=  .053  .117  .138  .114  .073  .053  .062  .066  .059  .090  .168
fcpg=  .150  .265  .222  .133  .072  .041  .033  .029  .018  .016  .020
fcpg=  .195  .304  .224  .113  .046  .019  .031  .018  .014  .008  .028
fcpg=  .060  .118  .120  .093  .067  .057  .077  .078  .059  .066  .196
fcpg=  .173  .267  .244  .123  .055  .036  .042  .027  .014  .009  .010
fcpg=  .203  .294  .223  .109  .042  .031  .023  .016  .021  .010  .030
fcpg=  .057  .113  .126  .079  .065  .080  .090  .070  .075  .060  .178
fcpg=  .155  .296  .234  .127  .053  .033  .031  .031  .017  .009  .014
fcpg=  .202  .300  .209  .104  .048  .035  .033  .022  .014  .019  .014
fcpg=  .053  .126  .117  .087  .069  .076  .087  .067  .052  .057  .201
fcpg=  .190  .288  .238  .111  .045  .039  .025  .027  .016  .010  .011
fcpg=  .213  .295  .212  .099  .047  .034  .032  .024  .011  .014  .018
fcpg=  .053  .117  .124  .086  .056  .066  .073  .074  .057  .079  .207
fcpg=  .200  .298  .218  .116  .046  .033  .024  .023  .021  .008  .012
fcpg=  .222  .286  .197  .090  .038  .051  .047  .024  .021  .017  .005
fcpg=  .057  .101  .121  .089  .061  .071  .091  .072  .071  .079  .180
fcpg=  .201  .287  .233  .114  .053  .032  .021  .020  .015  .014  .012
fcpg=  .219  .300  .189  .087  .045  .046  .034  .033  .024  .014  .007
fcpg=  .051  .103  .117  .087  .062  .073  .072  .062  .064  .078  .221
fcpg=  .184  .300  .244  .126  .052  .026  .016  .016  .014  .017  .007
fcpg=  .216  .288  .205  .085  .035  .037  .047  .047  .029  .008  .003
fcpg=  .055  .118  .120  .086  .056  .070  .071  .069  .064  .085  .197
fcpg=  .204  .304  .234  .118  .052  .030  .020  .010  .009  .011  .009
fcpg=  .230  .295  .195  .080  .046  .038  .029  .027  .028  .011  .021
fcpg=  .066  .116  .132  .083  .055  .064  .064  .051  .055  .074  .232
fcpg=  .203  .310  .220  .117  .058  .028  .016  .012  .014  .015  .008
fcpg=  .225  .298  .189  .086  .047  .025  .033  .041  .025  .014  .016
fcpg=  .068  .119  .114  .086  .069  .053  .061  .066  .061  .069  .227
fcpg=  .221  .309  .212  .116  .051  .023  .016  .015  .017  .011  .009
fcpg=  .215  .301  .206  .099  .042  .023  .026  .026  .023  .012  .028
fcpg=  .065  .124  .127  .099  .062  .046  .056  .065  .075  .069  .204
fcpg=  .226  .308  .223  .115  .039  .022  .017  .016  .019  .009  .006
fcpg=  .226  .298  .204  .091  .040  .031  .032  .020  .026  .014  .019
fcpg=  .071  .127  .123  .082  .053  .053  .079  .062  .077  .090  .174
fcpg=  .236  .310  .211  .102  .044  .028  .021  .014  .017  .008  .009
fcpg=  .239  .314  .189  .076  .034  .036  .029  .023  .017  .014  .030
fcpg=  .068  .138  .116  .069  .048  .065  .080  .063  .068  .087  .190
fcpg=  .229  .314  .226  .090  .043  .020  .024  .016  .021  .012  .006
fcpg=  .249  .313  .176  .077  .035  .044  .024  .026  .018  .015  .023
fcpg=  .083  .138  .104  .060  .058  .068  .088  .070  .059  .080  .186
fcpg=  .225  .336  .206  .098  .036  .023  .020  .018  .010  .014  .012
fcpg=  .258  .327  .182  .063  .027  .031  .030  .032  .015  .008  .028
fcpg=  .094  .146  .095  .047  .049  .070  .070  .077  .050  .062  .232
