fcpg=  .019  .048  .080  .090  .095  .135  .126  .084  .063  .077  .182
fcpg=  .067  .130  .157  .139  .111  .100  .100  .052  .035  .053  .055
fcpg=  .054  .109  .142  .126  .093  .099  .075  .051  .058  .085  .099
fcpg=  .033  .045  .083  .076  .095  .137  .113  .102  .071  .069  .175
fcpg=  .073  .162  .179  .145  .113  .089  .073  .060  .038  .030  .040
fcpg=  .049  .086  .140  .095  .082  .084  .061  .059  .051  .080  .207
fcpg=  .024  .048  .079  .101  .112  .139  .116  .086  .066  .061  .168
fcpg=  .092  .194  .200  .148  .103  .079  .059  .033  .033  .032  .027
fcpg=  .039  .094  .122  .114  .103  .081  .066  .058  .052  .058  .205
fcpg=  .040  .069  .097  .112  .124  .136  .106  .084  .054  .050  .127
fcpg=  .106  .196  .192  .156  .098  .079  .051  .034  .037  .025  .027
fcpg=  .043  .119  .138  .121  .076  .073  .059  .054  .055  .054  .199
fcpg=  .040  .084  .133  .139  .137  .108  .082  .075  .051  .048  .104
fcpg=  .122  .201  .201  .156  .094  .070  .053  .042  .031  .019  .011
fcpg=  .042  .107  .129  .123  .098  .083  .070  .061  .053  .044  .181
fcpg=  .047  .099  .128  .126  .127  .130  .099  .064  .054  .036  .091
fcpg=  .135  .212  .196  .128  .079  .064  .065  .047  .041  .027  .007
fcpg=  .040  .084  .100  .085  .067  .067  .063  .073  .099  .097  .215
fcpg=  .038  .102  .151  .143  .150  .127  .086  .062  .039  .034  .068
fcpg=  .112  .191  .193  .130  .079  .078  .077  .050  .045  .027  .018
fcpg=  .021  .072  .102  .091  .083  .064  .070  .054  .062  .097  .276
fcpg=  .038  .111  .136  .158  .155  .118  .085  .059  .037  .039  .064
fcpg=  .117  .193  .186  .120  .084  .079  .076  .066  .032  .019  .030
fcpg=  .015  .068  .096  .097  .075  .059  .066  .070  .055  .084  .308
fcpg=  .049  .118  .170  .175  .141  .114  .077  .045  .034  .028  .050
fcpg=  .108  .199  .176  .129  .084  .063  .066  .078  .050  .026  .022
fcpg=  .022  .078  .094  .095  .079  .069  .072  .063  .057  .089  .273
fcpg=  .041  .134  .181  .165  .147  .107  .074  .051  .033  .027  .040
fcpg=  .137  .193  .191  .115  .071  .068  .055  .063  .053  .023  .032
fcpg=  .026  .072  .096  .093  .078  .072  .075  .059  .049  .069  .302
fcpg=  .063  .146  .192  .183  .129  .090  .067  .043  .034  .022  .031
fcpg=  .133  .220  .164  .118  .074  .068  .064  .065  .032  .032  .030
fcpg=  .029  .086  .093  .096  .079  .070  .066  .070  .049  .087  .267
fcpg=  .072  .174  .186  .188  .124  .084  .054  .050  .024  .016  .028
fcpg=  .137  .233  .180  .109  .064  .060  .065  .050  .031  .029  .043
fcpg=  .036  .077  .089  .088  .065  .056  .055  .063  .070  .093  .298
fcpg=  .084  .184  .208  .167  .128  .081  .049  .033  .021  .020  .026
fcpg=  .167  .226  .181  .103  .054  .049  .061  .053  .037  .039  .031
fcpg=  .039  .084  .106  .087  .070  .071  .059  .054  .055  .085  .280
fcpg=  .099  .193  .212  .169  .112  .072  .050  .031  .025  .015  .022
fcpg=  .168  .243  .191  .100  .039  .041  .051  .054  .036  .040  .038
fcpg=  .043  .094  .101  .093  .064  .057  .065  .058  .049  .089  .280
fcpg=  .104  .225  .226  .163  .096  .074  .041  .023  .017  .008  .025
fcpg=  .171  .236  .191  .093  .046  .051  .048  .047  .042  .038  .035
fcpg=  .054  .123  .128  .089  .056  .052  .050  .035  .049  .068  .287
fcpg=  .105  .243  .235  .167  .092  .048  .031  .024  .016  .012  .027
fcpg=  .176  .243  .186  .090  .057  .046  .047  .044  .041  .030  .041
fcpg=  .065  .132  .124  .089  .056  .048  .037  .048  .054  .079  .259
fcpg=  .135  .242  .246  .159  .079  .044  .034  .017  .014  .009  .022
fcpg=  .156  .239  .188  .099  .055  .050  .056  .051  .043  .027  .035
fcpg=  .072  .140  .129  .087  .054  .039  .040  .038  .057  .047  .289
fcpg=  .151  .269  .228  .163  .074  .039  .025  .015  .010  .011  .015
fcpg=  .158  .244  .189  .105  .061  .047  .056  .039  .038  .018  .046
fcpg=  .063  .131  .115  .099  .064  .046  .044  .038  .042  .056  .292
fcpg=  .157  .268  .230  .161  .073  .045  .021  .016  .010  .011  .007
fcpg=  .165  .227  .186  .116  .055  .054  .065  .040  .046  .015  .031
fcpg=  .065  .131  .135  .096  .049  .051  .039  .044  .055  .083  .245
fcpg=  .153  .285  .237  .156  .069  .040  .026  .013  .010  .008  .002
fcpg=  .154  .244  .193  .119  .055  .058  .048  .045  .036  .016  .033
fcpg=  .057  .131  .126  .094  .059  .039  .039  .047  .059  .108  .232
fcpg=  .167  .268  .271  .136  .059  .036  .025  .022  .011  .005  .000
fcpg=  .172  .237  .193  .091  .054  .060  .050  .054  .046  .020  .023
fcpg=  .070  .127  .146  .083  .045  .042  .043  .064  .066  .098  .209
fcpg=  .172  .290  .249  .139  .063  .029  .018  .017  .013  .007  .002
fcpg=  .166  .261  .199  .087  .045  .050  .052  .049  .043  .018  .028
fcpg=  .073  .135  .131  .085  .045  .044  .051  .048  .064  .076  .241
fcpg=  .178  .293  .248  .132  .062  .029  .029  .014  .006  .006  .002
fcpg=  .199  .252  .180  .080  .043  .052  .049  .059  .043  .018  .025
fcpg=  .090  .140  .131  .077  .047  .046  .042  .046  .061  .077  .234
fcpg=  .187  .291  .255  .134  .054  .028  .025  .010  .005  .009  .002
fcpg=  .205  .263  .180  .075  .059  .046  .055  .040  .029  .016  .031
fcpg=  .086  .137  .133  .071  .048  .039  .052  .063  .058  .080  .227
fcpg=  .198  .301  .238  .132  .063  .022  .019  .012  .006  .006  .003
fcpg=  .186  .274  .192  .093  .047  .051  .048  .033  .028  .018  .029
fcpg=  .087  .152  .125  .088  .047  .042  .049  .054  .068  .075  .205
fcpg=  .200  .324  .255  .121  .047  .020  .012  .009  .004  .006  .002
fcpg=  .200  .281  .200  .097  .050  .037  .036  .033  .019  .021  .025
fcpg=  .080  .150  .128  .069  .049  .041  .059  .065  .071  .073  .206
fcpg=  .215  .326  .251  .118  .039  .016  .014  .009  .008  .003  .004
fcpg=  .180  .274  .195  .107  .068  .051  .037  .032  .019  .023  .015
fcpg=  .081  .141  .120  .077  .050  .051  .071  .064  .075  .084  .179
fcpg=  .242  .333  .223  .115  .032  .016  .011  .010  .010  .004  .004
fcpg=  .172  .290  .195  .106  .062  .055  .035  .024  .022  .019  .020
fcpg=  .080  .145  .110  .080  .054  .046  .049  .060  .064  .086  .217
fcpg=  .230  .331  .242  .106  .036  .013  .016  .009  .006  .006  .006
fcpg=  .180  .276  .205  .097  .050  .059  .049  .032  .022  .018  .013
fcpg=  .079  .143  .121  .062  .038  .060  .073  .070  .064  .072  .210
fcpg=  .232  .330  .238  .097  .040  .021  .010  .013  .007  .006  .005
fcpg=  .202  .274  .201  .101  .061  .052  .039  .021  .017  .010  .022
fcpg=  .081  .143  .117  .064  .045  .047  .070  .070  .059  .073  .222
fcpg=  .232  .360  .239  .092  .032  .006  .011  .011  .010  .005  .003
fcpg=  .192  .289  .208  .100  .050  .049  .039  .032  .019  .009  .014
fcpg=  .081  .136  .128  .064  .044  .041  .057  .077  .082  .104  .177
fcpg=  .261  .352  .223  .089  .029  .010  .013  .012  .005  .003  .003
fcpg=  .193  .298  .200  .105  .050  .043  .036  .031  .018  .015  .012
fcpg=  .076  .134  .110  .068  .048  .053  .063  .071  .079  .121  .169
