fcpg=  .029  .060  .096  .109  .137  .156  .123  .082  .060  .039  .109
fcpg=  .072  .105  .172  .153  .139  .085  .067  .049  .035  .035  .086
fcpg=  .069  .143  .215  .181  .153  .100  .057  .023  .014  .015  .023
fcpg=  .019  .054  .091  .127  .163  .152  .128  .088  .054  .041  .081
fcpg=  .085  .156  .169  .153  .106  .075  .060  .047  .043  .037  .071
fcpg=  .026  .104  .165  .179  .173  .116  .080  .050  .029  .030  .040
fcpg=  .016  .057  .101  .145  .161  .152  .124  .075  .058  .036  .075
fcpg=  .115  .163  .196  .148  .094  .077  .048  .045  .044  .023  .047
fcpg=  .045  .117  .159  .184  .145  .116  .069  .033  .031  .020  .074
fcpg=  .025  .068  .120  .147  .152  .144  .113  .078  .043  .041  .068
fcpg=  .100  .175  .207  .152  .102  .072  .059  .036  .037  .022  .038
fcpg=  .035  .099  .147  .152  .144  .113  .079  .048  .034  .031  .110
fcpg=  .047  .096  .142  .145  .144  .120  .112  .069  .042  .029  .055
fcpg=  .115  .203  .207  .137  .094  .073  .053  .035  .025  .022  .037
fcpg=  .060  .133  .160  .135  .107  .090  .077  .051  .034  .038  .107
fcpg=  .059  .110  .142  .154  .134  .109  .096  .061  .042  .034  .060
fcpg=  .136  .211  .190  .149  .088  .059  .054  .034  .033  .022  .024
fcpg=  .065  .101  .127  .113  .086  .078  .072  .061  .048  .057  .183
fcpg=  .065  .125  .159  .153  .134  .106  .076  .055  .038  .029  .059
fcpg=  .137  .207  .216  .145  .087  .063  .059  .033  .025  .009  .020
fcpg=  .048  .087  .133  .114  .095  .077  .068  .061  .055  .064  .190
fcpg=  .079  .130  .165  .167  .124  .103  .070  .050  .030  .025  .058
fcpg=  .125  .232  .225  .153  .097  .052  .047  .025  .014  .010  .019
fcpg=  .041  .091  .119  .122  .096  .077  .059  .055  .044  .046  .241
fcpg=  .071  .134  .199  .178  .123  .088  .063  .045  .021  .024  .055
fcpg=  .136  .245  .222  .162  .095  .049  .036  .025  .013  .012  .006
fcpg=  .030  .099  .145  .135  .096  .072  .056  .042  .052  .059  .206
fcpg=  .059  .161  .204  .175  .113  .081  .058  .033  .032  .021  .062
fcpg=  .152  .241  .211  .149  .082  .069  .045  .021  .014  .008  .008
fcpg=  .041  .096  .122  .127  .090  .076  .058  .050  .056  .058  .218
fcpg=  .059  .174  .207  .179  .126  .072  .048  .033  .028  .021  .053
fcpg=  .161  .257  .215  .160  .087  .037  .034  .020  .014  .008  .007
fcpg=  .037  .112  .145  .128  .088  .060  .052  .043  .052  .062  .213
fcpg=  .077  .173  .220  .179  .109  .064  .049  .029  .029  .014  .057
fcpg=  .176  .250  .229  .146  .075  .042  .029  .017  .020  .010  .007
fcpg=  .045  .118  .157  .122  .073  .050  .054  .041  .057  .060  .214
fcpg=  .088  .186  .222  .156  .105  .065  .047  .032  .028  .022  .049
fcpg=  .172  .279  .226  .141  .068  .047  .026  .017  .012  .007  .005
fcpg=  .064  .144  .145  .115  .080  .057  .051  .054  .048  .066  .167
fcpg=  .111  .201  .223  .164  .095  .051  .033  .036  .027  .019  .041
fcpg=  .186  .300  .219  .123  .065  .033  .022  .018  .016  .016  .002
fcpg=  .072  .147  .164  .120  .065  .049  .047  .043  .057  .085  .141
fcpg=  .106  .219  .212  .150  .097  .054  .041  .038  .031  .020  .032
fcpg=  .206  .325  .229  .120  .045  .024  .013  .015  .009  .008  .006
fcpg=  .092  .182  .172  .100  .060  .050  .056  .057  .054  .044  .125
fcpg=  .128  .241  .228  .136  .077  .047  .039  .029  .024  .019  .032
fcpg=  .199  .312  .235  .124  .044  .020  .017  .017  .015  .013  .004
fcpg=  .109  .182  .157  .093  .043  .036  .061  .054  .060  .068  .128
fcpg=  .147  .264  .224  .126  .060  .044  .037  .029  .021  .022  .028
fcpg=  .196  .305  .242  .121  .049  .025  .018  .016  .014  .007  .008
fcpg=  .117  .185  .158  .087  .050  .051  .055  .039  .055  .062  .133
fcpg=  .173  .261  .209  .112  .061  .042  .035  .031  .020  .021  .035
fcpg=  .197  .291  .231  .126  .052  .026  .020  .020  .013  .013  .010
fcpg=  .119  .189  .142  .078  .043  .039  .044  .051  .047  .065  .176
fcpg=  .167  .258  .213  .121  .065  .044  .036  .025  .019  .020  .033
fcpg=  .184  .306  .243  .127  .042  .031  .021  .017  .017  .006  .007
fcpg=  .105  .170  .159  .094  .052  .052  .047  .041  .061  .070  .139
fcpg=  .167  .258  .218  .116  .068  .042  .038  .027  .018  .020  .029
fcpg=  .194  .305  .241  .118  .039  .030  .025  .016  .015  .013  .005
fcpg=  .106  .181  .153  .091  .047  .049  .061  .048  .051  .076  .128
fcpg=  .163  .276  .203  .112  .056  .048  .038  .036  .024  .021  .024
fcpg=  .241  .302  .227  .106  .054  .025  .023  .010  .007  .003  .003
fcpg=  .109  .188  .161  .086  .054  .045  .049  .061  .068  .070  .101
fcpg=  .168  .293  .193  .110  .053  .043  .042  .031  .022  .019  .026
fcpg=  .225  .315  .212  .110  .048  .032  .021  .015  .011  .010  .000
fcpg=  .100  .181  .147  .093  .050  .055  .059  .066  .057  .068  .118
fcpg=  .176  .271  .202  .114  .049  .038  .046  .034  .026  .025  .018
fcpg=  .227  .340  .233  .106  .037  .026  .014  .006  .004  .004  .002
fcpg=  .092  .188  .157  .090  .042  .054  .064  .061  .060  .080  .105
fcpg=  .159  .280  .224  .122  .050  .032  .036  .035  .022  .014  .027
fcpg=  .236  .329  .213  .107  .039  .019  .022  .013  .013  .007  .001
fcpg=  .088  .158  .135  .085  .056  .054  .062  .072  .070  .082  .130
fcpg=  .172  .268  .210  .126  .061  .038  .035  .035  .016  .014  .026
fcpg=  .241  .327  .221  .096  .039  .026  .020  .010  .012  .005  .003
fcpg=  .089  .150  .142  .091  .055  .062  .054  .058  .059  .082  .150
fcpg=  .168  .278  .229  .121  .050  .038  .030  .028  .014  .017  .026
fcpg=  .250  .313  .218  .100  .035  .027  .027  .011  .008  .003  .009
fcpg=  .080  .149  .151  .094  .052  .059  .063  .052  .048  .063  .180
fcpg=  .186  .283  .213  .123  .056  .046  .026  .017  .018  .011  .022
fcpg=  .234  .345  .202  .100  .042  .026  .020  .019  .006  .006  .001
fcpg=  .081  .175  .145  .090  .061  .058  .065  .055  .052  .057  .155
fcpg=  .184  .297  .230  .120  .044  .034  .026  .017  .012  .010  .026
fcpg=  .222  .330  .220  .102  .038  .028  .017  .018  .008  .008  .010
fcpg=  .082  .157  .150  .092  .052  .060  .054  .066  .065  .063  .150
fcpg=  .180  .289  .248  .116  .045  .032  .030  .013  .012  .012  .024
fcpg=  .227  .332  .221  .097  .037  .030  .024  .015  .007  .004  .006
fcpg=  .070  .145  .152  .098  .049  .058  .069  .064  .078  .073  .137
fcpg=  .174  .306  .239  .117  .053  .034  .017  .010  .010  .013  .028
fcpg=  .219  .314  .226  .111  .041  .023  .026  .012  .009  .003  .016
fcpg=  .074  .142  .148  .088  .044  .055  .075  .073  .065  .066  .162
fcpg=  .168  .276  .231  .146  .060  .037  .020  .009  .015  .020  .016
fcpg=  .223  .316  .222  .107  .050  .019  .021  .019  .011  .007  .005
fcpg=  .061  .136  .134  .097  .052  .057  .069  .061  .062  .082  .178
fcpg=  .171  .275  .235  .136  .063  .026  .030  .013  .015  .009  .028
fcpg=  .216  .324  .217  .108  .044  .026  .021  .016  .010  .004  .016
fcpg=  .074  .135  .124  .078  .053  .051  .070  .067  .055  .058  .226
