fcpg=  .018  .039  .082  .115  .138  .163  .127  .084  .065  .047  .123
fcpg=  .123  .132  .171  .142  .112  .103  .064  .041  .032  .025  .055
fcpg=  .036  .112  .170  .176  .138  .110  .080  .053  .038  .029  .051
fcpg=  .026  .050  .080  .105  .117  .155  .121  .089  .063  .051  .142
fcpg=  .138  .163  .167  .139  .107  .091  .062  .035  .026  .032  .039
fcpg=  .028  .093  .132  .165  .132  .115  .077  .048  .040  .050  .111
fcpg=  .026  .068  .099  .113  .140  .142  .109  .078  .057  .047  .122
fcpg=  .166  .188  .170  .138  .092  .072  .051  .039  .031  .021  .031
fcpg=  .031  .098  .138  .129  .142  .104  .082  .058  .053  .043  .112
fcpg=  .040  .085  .117  .144  .134  .114  .099  .059  .051  .042  .115
fcpg=  .160  .198  .202  .138  .082  .073  .054  .031  .030  .025  .006
fcpg=  .031  .086  .144  .149  .116  .095  .081  .062  .065  .055  .110
fcpg=  .050  .098  .139  .137  .121  .107  .095  .077  .048  .045  .081
fcpg=  .158  .243  .201  .131  .086  .067  .047  .028  .025  .008  .006
fcpg=  .047  .123  .168  .136  .116  .086  .056  .044  .040  .063  .113
fcpg=  .050  .117  .159  .143  .121  .090  .081  .064  .048  .043  .083
fcpg=  .185  .250  .224  .135  .081  .044  .033  .016  .021  .006  .005
fcpg=  .063  .137  .164  .132  .093  .062  .056  .048  .047  .059  .131
fcpg=  .044  .122  .171  .169  .132  .089  .069  .056  .049  .041  .059
fcpg=  .188  .267  .217  .133  .070  .039  .030  .020  .012  .015  .008
fcpg=  .085  .163  .150  .122  .062  .061  .055  .048  .042  .066  .138
fcpg=  .049  .122  .180  .170  .121  .094  .072  .049  .038  .046  .059
fcpg=  .186  .255  .227  .133  .076  .034  .025  .021  .024  .014  .005
fcpg=  .065  .152  .155  .109  .071  .052  .049  .037  .079  .090  .134
fcpg=  .070  .143  .173  .156  .127  .097  .070  .046  .032  .032  .055
fcpg=  .160  .268  .237  .122  .066  .038  .034  .024  .026  .021  .005
fcpg=  .074  .126  .139  .108  .081  .077  .071  .058  .062  .078  .118
fcpg=  .088  .152  .174  .153  .113  .090  .066  .046  .027  .026  .064
fcpg=  .151  .265  .229  .130  .056  .044  .031  .036  .034  .024  .000
fcpg=  .060  .112  .138  .098  .065  .058  .056  .060  .063  .097  .184
fcpg=  .084  .154  .195  .151  .122  .084  .055  .043  .023  .035  .054
fcpg=  .146  .273  .247  .141  .057  .035  .028  .033  .029  .012  .001
fcpg=  .056  .131  .143  .115  .068  .059  .052  .065  .070  .083  .149
fcpg=  .102  .186  .209  .146  .096  .074  .050  .036  .024  .023  .055
fcpg=  .160  .269  .256  .126  .049  .030  .032  .034  .019  .015  .010
fcpg=  .067  .151  .146  .113  .060  .043  .051  .062  .053  .071  .176
fcpg=  .098  .193  .209  .158  .108  .069  .050  .024  .023  .019  .048
fcpg=  .189  .306  .239  .123  .053  .029  .021  .026  .008  .003  .001
fcpg=  .078  .144  .153  .107  .071  .058  .061  .057  .057  .073  .132
fcpg=  .094  .194  .247  .171  .096  .053  .039  .024  .022  .021  .039
fcpg=  .194  .306  .237  .121  .049  .026  .027  .023  .010  .003  .004
fcpg=  .073  .142  .164  .112  .071  .057  .064  .056  .057  .077  .117
fcpg=  .105  .215  .247  .165  .097  .048  .035  .020  .024  .029  .015
fcpg=  .197  .317  .253  .125  .051  .019  .017  .012  .006  .003  .002
fcpg=  .082  .174  .182  .118  .081  .054  .056  .057  .061  .084  .044
fcpg=  .118  .230  .225  .164  .098  .055  .025  .020  .023  .021  .020
fcpg=  .217  .324  .241  .109  .044  .022  .018  .010  .007  .006  .002
fcpg=  .098  .186  .170  .115  .070  .054  .052  .058  .059  .070  .060
fcpg=  .119  .243  .246  .160  .085  .042  .029  .024  .019  .019  .014
fcpg=  .240  .333  .223  .100  .042  .025  .010  .008  .006  .008  .005
fcpg=  .109  .185  .173  .106  .070  .052  .048  .043  .048  .085  .074
fcpg=  .129  .264  .233  .151  .076  .046  .027  .022  .016  .010  .025
fcpg=  .261  .321  .213  .089  .040  .026  .015  .010  .006  .011  .008
fcpg=  .111  .181  .140  .111  .067  .057  .043  .043  .046  .058  .134
fcpg=  .121  .255  .240  .163  .079  .043  .025  .026  .011  .012  .025
fcpg=  .271  .332  .212  .085  .041  .021  .013  .008  .005  .006  .007
fcpg=  .105  .163  .155  .112  .069  .050  .043  .051  .042  .064  .138
fcpg=  .145  .246  .236  .169  .081  .037  .023  .018  .006  .012  .026
fcpg=  .250  .333  .218  .084  .038  .017  .023  .011  .006  .010  .012
fcpg=  .087  .175  .171  .116  .074  .047  .058  .041  .036  .044  .143
fcpg=  .151  .265  .246  .154  .065  .038  .022  .016  .010  .011  .022
fcpg=  .238  .346  .228  .093  .037  .015  .024  .006  .008  .003  .002
fcpg=  .073  .161  .176  .125  .070  .053  .057  .043  .056  .060  .117
fcpg=  .160  .275  .242  .139  .068  .036  .020  .017  .011  .012  .020
fcpg=  .255  .349  .212  .085  .034  .022  .018  .007  .006  .007  .004
fcpg=  .098  .184  .183  .113  .077  .051  .046  .039  .042  .049  .111
fcpg=  .168  .286  .239  .140  .062  .027  .029  .018  .008  .007  .016
fcpg=  .263  .349  .217  .095  .031  .020  .014  .007  .004  .001  .000
fcpg=  .089  .188  .180  .111  .070  .051  .060  .058  .052  .048  .084
fcpg=  .186  .278  .232  .121  .063  .039  .024  .019  .013  .007  .018
fcpg=  .281  .340  .205  .100  .034  .012  .013  .005  .003  .005  .003
fcpg=  .104  .183  .173  .116  .072  .049  .051  .049  .049  .051  .094
fcpg=  .177  .302  .229  .122  .057  .034  .026  .018  .011  .010  .014
fcpg=  .277  .353  .219  .086  .024  .018  .010  .008  .004  .001  .000
fcpg=  .125  .191  .182  .106  .049  .041  .043  .049  .064  .069  .073
fcpg=  .192  .286  .233  .121  .055  .036  .026  .016  .011  .009  .016
fcpg=  .272  .355  .230  .078  .022  .014  .011  .008  .006  .002  .001
fcpg=  .114  .211  .186  .101  .046  .035  .046  .055  .061  .079  .059
fcpg=  .198  .301  .227  .120  .056  .027  .026  .010  .012  .010  .013
fcpg=  .257  .364  .217  .093  .033  .015  .012  .007  .001  .000  .000
fcpg=  .111  .202  .182  .112  .052  .038  .045  .046  .061  .087  .056
fcpg=  .197  .302  .213  .131  .054  .023  .019  .014  .010  .012  .023
fcpg=  .272  .337  .231  .090  .026  .017  .005  .008  .008  .005  .001
fcpg=  .117  .190  .181  .112  .049  .041  .037  .040  .050  .087  .088
fcpg=  .215  .300  .220  .114  .049  .024  .017  .022  .013  .011  .014
fcpg=  .280  .355  .211  .092  .029  .011  .011  .006  .005  .000  .000
fcpg=  .115  .197  .171  .100  .053  .039  .041  .051  .059  .084  .082
fcpg=  .229  .318  .214  .098  .042  .021  .020  .013  .014  .019  .012
fcpg=  .275  .347  .221  .085  .026  .012  .011  .009  .008  .004  .000
fcpg=  .125  .207  .171  .083  .040  .028  .039  .046  .048  .102  .102
fcpg=  .222  .333  .230  .084  .041  .018  .018  .014  .018  .013  .008
fcpg=  .256  .359  .213  .096  .030  .017  .016  .010  .003  .000  .000
fcpg=  .116  .196  .167  .092  .044  .032  .053  .058  .062  .086  .086
fcpg=  .225  .317  .224  .095  .043  .020  .019  .016  .016  .014  .010
fcpg=  .271  .350  .214  .086  .025  .015  .019  .011  .005  .003  .000
fcpg=  .127  .193  .150  .081  .043  .039  .042  .052  .058  .098  .107
