fcpg=  .023  .047  .091  .129  .133  .153  .137  .081  .060  .042  .105
fcpg=  .045  .111  .171  .160  .129  .110  .085  .049  .049  .035  .055
fcpg=  .072  .121  .156  .157  .107  .096  .070  .043  .046  .046  .077
fcpg=  .012  .036  .093  .132  .134  .152  .122  .086  .065  .056  .113
fcpg=  .045  .115  .166  .150  .136  .096  .077  .052  .047  .043  .073
fcpg=  .015  .059  .105  .121  .103  .100  .083  .052  .049  .072  .232
fcpg=  .026  .061  .098  .120  .147  .132  .123  .089  .062  .052  .089
fcpg=  .070  .161  .185  .148  .109  .082  .055  .047  .042  .032  .069
fcpg=  .042  .106  .113  .110  .084  .069  .057  .053  .061  .055  .242
fcpg=  .022  .056  .096  .137  .145  .150  .126  .085  .062  .044  .077
fcpg=  .078  .166  .167  .145  .115  .075  .044  .045  .041  .049  .077
fcpg=  .014  .058  .072  .092  .095  .087  .069  .062  .057  .065  .320
fcpg=  .028  .071  .132  .175  .151  .145  .107  .063  .044  .037  .047
fcpg=  .097  .184  .194  .141  .090  .063  .055  .039  .041  .042  .054
fcpg=  .014  .061  .093  .122  .093  .084  .073  .070  .057  .075  .249
fcpg=  .035  .096  .155  .167  .153  .139  .089  .046  .040  .026  .053
fcpg=  .114  .195  .192  .139  .081  .049  .052  .050  .039  .036  .054
fcpg=  .015  .047  .078  .098  .090  .072  .055  .061  .062  .071  .343
fcpg=  .058  .133  .188  .173  .143  .101  .077  .042  .026  .018  .040
fcpg=  .119  .214  .211  .119  .068  .055  .048  .047  .032  .027  .059
fcpg=  .030  .080  .110  .103  .076  .064  .056  .050  .055  .060  .306
fcpg=  .068  .133  .192  .178  .138  .103  .073  .038  .024  .021  .033
fcpg=  .144  .218  .186  .119  .087  .047  .052  .042  .034  .026  .044
fcpg=  .032  .066  .099  .095  .075  .067  .070  .060  .048  .061  .320
fcpg=  .078  .153  .182  .184  .145  .101  .063  .031  .016  .018  .029
fcpg=  .148  .230  .200  .125  .067  .048  .037  .043  .026  .031  .045
fcpg=  .043  .104  .116  .106  .062  .065  .053  .051  .041  .058  .293
fcpg=  .078  .155  .200  .194  .129  .094  .056  .027  .020  .021  .027
fcpg=  .155  .245  .201  .124  .064  .041  .041  .035  .035  .023  .036
fcpg=  .046  .102  .120  .108  .064  .058  .047  .041  .053  .064  .289
fcpg=  .072  .176  .219  .186  .127  .076  .049  .034  .020  .021  .020
fcpg=  .163  .245  .211  .132  .055  .041  .042  .036  .029  .017  .030
fcpg=  .044  .109  .152  .122  .064  .047  .045  .035  .042  .067  .263
fcpg=  .096  .206  .211  .169  .122  .064  .045  .037  .020  .016  .014
fcpg=  .157  .269  .216  .124  .051  .032  .033  .034  .032  .022  .030
fcpg=  .058  .134  .150  .104  .060  .037  .028  .045  .049  .063  .264
fcpg=  .097  .219  .227  .177  .107  .066  .035  .025  .024  .015  .007
fcpg=  .169  .269  .210  .127  .053  .031  .037  .029  .029  .028  .019
fcpg=  .062  .137  .144  .120  .063  .041  .036  .057  .058  .055  .218
fcpg=  .119  .230  .245  .168  .094  .049  .031  .027  .020  .015  .003
fcpg=  .157  .261  .223  .120  .055  .040  .032  .030  .033  .028  .022
fcpg=  .069  .144  .157  .100  .056  .039  .046  .053  .047  .076  .205
fcpg=  .147  .270  .234  .152  .086  .044  .025  .026  .010  .005  .000
fcpg=  .151  .260  .215  .121  .061  .036  .043  .042  .026  .027  .018
fcpg=  .083  .155  .156  .097  .055  .049  .042  .061  .044  .056  .195
fcpg=  .165  .269  .247  .141  .073  .042  .030  .016  .011  .005  .001
fcpg=  .146  .267  .230  .122  .065  .038  .036  .037  .022  .018  .019
fcpg=  .080  .153  .154  .093  .058  .044  .052  .051  .062  .070  .174
fcpg=  .139  .297  .266  .150  .069  .037  .020  .017  .005  .000  .000
fcpg=  .141  .266  .231  .131  .056  .040  .036  .034  .026  .021  .017
fcpg=  .070  .148  .159  .105  .059  .049  .046  .054  .068  .067  .167
fcpg=  .174  .310  .259  .139  .059  .025  .010  .015  .005  .003  .000
fcpg=  .155  .273  .226  .122  .054  .036  .037  .029  .028  .018  .022
fcpg=  .068  .156  .147  .105  .068  .050  .048  .051  .059  .097  .143
fcpg=  .179  .299  .257  .148  .064  .023  .015  .009  .002  .002  .000
fcpg=  .166  .261  .235  .122  .055  .043  .030  .027  .025  .021  .016
fcpg=  .072  .160  .154  .115  .060  .043  .044  .057  .064  .100  .122
fcpg=  .184  .314  .261  .130  .056  .022  .016  .009  .005  .003  .000
fcpg=  .159  .270  .241  .108  .052  .041  .037  .035  .021  .019  .017
fcpg=  .082  .155  .147  .095  .060  .044  .051  .060  .081  .094  .122
fcpg=  .208  .338  .236  .123  .045  .019  .014  .011  .006  .001  .000
fcpg=  .174  .283  .227  .112  .049  .037  .032  .036  .022  .013  .015
fcpg=  .095  .179  .157  .086  .041  .035  .041  .064  .069  .104  .120
fcpg=  .227  .342  .248  .118  .028  .010  .007  .010  .007  .003  .000
fcpg=  .189  .285  .227  .113  .050  .030  .026  .029  .021  .017  .014
fcpg=  .095  .174  .167  .089  .043  .035  .047  .061  .109  .089  .082
fcpg=  .244  .334  .234  .107  .042  .018  .011  .007  .002  .002  .000
fcpg=  .191  .299  .210  .111  .048  .038  .035  .022  .020  .018  .007
fcpg=  .115  .201  .156  .078  .042  .046  .056  .052  .079  .089  .077
fcpg=  .247  .338  .230  .108  .039  .018  .009  .005  .002  .004  .000
fcpg=  .206  .295  .219  .106  .045  .039  .033  .018  .012  .011  .017
fcpg=  .106  .179  .157  .082  .040  .043  .060  .083  .079  .090  .073
fcpg=  .236  .339  .233  .113  .041  .018  .008  .008  .004  .002  .000
fcpg=  .214  .280  .221  .107  .047  .039  .041  .020  .014  .012  .005
fcpg=  .116  .177  .154  .081  .040  .050  .065  .075  .089  .084  .060
fcpg=  .222  .337  .253  .111  .041  .010  .013  .006  .006  .002  .000
fcpg=  .198  .313  .208  .097  .045  .033  .050  .023  .006  .010  .016
fcpg=  .092  .177  .145  .072  .041  .056  .079  .069  .069  .123  .069
fcpg=  .222  .352  .244  .105  .037  .013  .010  .009  .006  .003  .000
fcpg=  .191  .297  .221  .117  .046  .030  .039  .034  .011  .010  .003
fcpg=  .101  .181  .144  .072  .042  .058  .070  .080  .056  .118  .071
fcpg=  .248  .347  .235  .097  .032  .014  .009  .006  .008  .003  .000
fcpg=  .219  .312  .218  .094  .036  .029  .034  .025  .012  .009  .010
fcpg=  .112  .169  .137  .063  .036  .055  .080  .067  .077  .104  .090
fcpg=  .264  .358  .218  .097  .026  .012  .012  .008  .003  .001  .001
fcpg=  .223  .317  .208  .096  .043  .033  .042  .019  .013  .004  .003
fcpg=  .116  .168  .135  .084  .043  .046  .058  .070  .087  .118  .067
fcpg=  .258  .354  .231  .092  .025  .014  .014  .006  .004  .002  .001
fcpg=  .217  .329  .222  .094  .036  .027  .031  .025  .007  .006  .006
fcpg=  .110  .169  .138  .075  .035  .043  .068  .083  .116  .089  .065
fcpg=  .257  .350  .233  .090  .026  .012  .015  .008  .003  .003  .002
fcpg=  .241  .310  .222  .088  .038  .029  .041  .020  .010  .001  .001
fcpg=  .101  .161  .157  .071  .041  .050  .075  .066  .096  .105  .068
fcpg=  .234  .368  .234  .092  .026  .012  .012  .013  .005  .002  .002
fcpg=  .234  .340  .219  .090  .029  .023  .025  .016  .014  .006  .004
fcpg=  .085  .161  .139  .087  .048  .054  .065  .073  .084  .099  .097
