fcpg=  .022  .046  .100  .113  .136  .164  .136  .087  .057  .039  .102
fcpg=  .100  .133  .170  .144  .108  .106  .073  .046  .031  .035  .053
fcpg=  .049  .113  .173  .156  .144  .126  .084  .045  .030  .032  .039
fcpg=  .017  .044  .087  .107  .142  .167  .143  .095  .062  .048  .088
fcpg=  .122  .151  .176  .131  .105  .096  .058  .052  .035  .028  .045
fcpg=  .025  .073  .121  .126  .129  .134  .103  .074  .062  .057  .088
fcpg=  .024  .059  .108  .129  .146  .151  .112  .088  .051  .044  .088
fcpg=  .147  .186  .187  .140  .088  .073  .054  .035  .027  .028  .035
fcpg=  .023  .088  .155  .170  .131  .103  .073  .052  .046  .044  .106
fcpg=  .034  .059  .102  .135  .149  .137  .115  .071  .049  .034  .117
fcpg=  .178  .182  .174  .128  .087  .075  .061  .038  .028  .029  .021
fcpg=  .034  .093  .129  .150  .111  .088  .067  .045  .045  .061  .169
fcpg=  .034  .084  .129  .149  .138  .119  .091  .061  .045  .042  .108
fcpg=  .183  .215  .192  .132  .075  .063  .051  .039  .029  .017  .004
fcpg=  .056  .127  .139  .131  .090  .074  .062  .043  .039  .067  .164
fcpg=  .040  .098  .140  .158  .127  .109  .073  .055  .036  .043  .121
fcpg=  .183  .230  .210  .127  .085  .060  .038  .021  .018  .015  .013
fcpg=  .043  .084  .128  .128  .101  .090  .057  .050  .037  .069  .204
fcpg=  .065  .126  .154  .155  .116  .088  .073  .056  .039  .037  .093
fcpg=  .180  .260  .208  .140  .079  .050  .028  .018  .015  .013  .009
fcpg=  .063  .132  .121  .122  .076  .063  .049  .053  .052  .080  .179
fcpg=  .077  .137  .165  .154  .110  .080  .062  .046  .043  .040  .086
fcpg=  .172  .272  .233  .131  .066  .047  .032  .014  .015  .012  .006
fcpg=  .058  .142  .135  .106  .063  .062  .063  .045  .054  .102  .163
fcpg=  .066  .162  .183  .175  .099  .084  .057  .046  .032  .029  .066
fcpg=  .168  .282  .220  .139  .070  .045  .032  .016  .008  .013  .007
fcpg=  .077  .152  .144  .107  .055  .065  .064  .065  .066  .084  .114
fcpg=  .082  .162  .196  .171  .111  .067  .055  .033  .028  .027  .068
fcpg=  .149  .269  .219  .145  .081  .046  .036  .018  .011  .017  .008
fcpg=  .084  .142  .133  .095  .062  .070  .061  .043  .059  .098  .145
fcpg=  .073  .180  .204  .154  .103  .069  .060  .042  .034  .030  .051
fcpg=  .181  .264  .228  .136  .076  .036  .025  .021  .016  .010  .006
fcpg=  .112  .147  .143  .087  .066  .050  .049  .061  .083  .062  .132
fcpg=  .088  .176  .201  .166  .099  .075  .057  .041  .026  .020  .050
fcpg=  .161  .289  .221  .130  .058  .029  .035  .032  .020  .021  .004
fcpg=  .083  .157  .149  .097  .053  .051  .048  .051  .059  .106  .137
fcpg=  .091  .181  .203  .148  .110  .060  .060  .047  .032  .022  .045
fcpg=  .160  .301  .241  .115  .054  .031  .040  .020  .018  .016  .005
fcpg=  .080  .151  .152  .091  .053  .044  .062  .060  .056  .078  .166
fcpg=  .105  .207  .180  .144  .098  .064  .061  .038  .036  .026  .042
fcpg=  .185  .288  .227  .126  .051  .029  .031  .016  .019  .017  .012
fcpg=  .097  .150  .141  .088  .054  .045  .054  .047  .055  .075  .184
fcpg=  .107  .206  .208  .147  .098  .055  .055  .034  .029  .027  .034
fcpg=  .190  .298  .239  .127  .058  .024  .021  .017  .020  .006  .002
fcpg=  .084  .171  .142  .093  .064  .038  .048  .046  .072  .084  .151
fcpg=  .101  .204  .242  .160  .087  .043  .044  .036  .030  .022  .032
fcpg=  .195  .301  .235  .124  .049  .026  .019  .019  .018  .012  .002
fcpg=  .074  .147  .154  .106  .062  .049  .051  .053  .064  .103  .128
fcpg=  .120  .234  .246  .155  .068  .043  .038  .027  .029  .021  .020
fcpg=  .199  .317  .238  .114  .047  .024  .025  .022  .010  .002  .001
fcpg=  .067  .162  .150  .109  .070  .055  .061  .061  .090  .104  .063
fcpg=  .127  .237  .241  .143  .076  .049  .040  .036  .016  .009  .027
fcpg=  .219  .320  .217  .098  .048  .027  .028  .019  .016  .005  .002
fcpg=  .060  .136  .140  .105  .068  .056  .066  .075  .092  .098  .095
fcpg=  .123  .244  .221  .163  .065  .056  .050  .027  .014  .009  .028
fcpg=  .224  .339  .227  .091  .042  .029  .019  .014  .009  .007  .000
fcpg=  .069  .149  .148  .112  .058  .065  .068  .057  .056  .078  .132
fcpg=  .122  .233  .244  .142  .084  .053  .047  .028  .010  .005  .032
fcpg=  .244  .318  .212  .096  .040  .021  .019  .016  .016  .011  .007
fcpg=  .074  .141  .152  .096  .066  .058  .075  .065  .051  .052  .161
fcpg=  .116  .237  .230  .147  .086  .050  .045  .033  .015  .011  .030
fcpg=  .257  .323  .214  .096  .037  .020  .017  .015  .009  .008  .003
fcpg=  .069  .132  .147  .095  .066  .053  .059  .066  .063  .077  .165
fcpg=  .143  .258  .234  .154  .072  .035  .029  .024  .010  .011  .030
fcpg=  .251  .327  .216  .096  .028  .021  .019  .013  .010  .011  .007
fcpg=  .076  .148  .152  .113  .057  .057  .060  .054  .042  .064  .168
fcpg=  .152  .277  .247  .127  .062  .035  .026  .022  .012  .008  .031
fcpg=  .245  .352  .208  .099  .037  .015  .015  .012  .007  .008  .002
fcpg=  .079  .175  .170  .109  .058  .045  .043  .053  .050  .061  .148
fcpg=  .154  .290  .234  .131  .057  .043  .021  .018  .016  .008  .028
fcpg=  .247  .324  .224  .090  .040  .022  .015  .011  .007  .013  .007
fcpg=  .083  .178  .168  .111  .061  .063  .047  .049  .044  .046  .142
fcpg=  .181  .267  .234  .138  .056  .033  .022  .014  .019  .017  .020
fcpg=  .240  .347  .207  .096  .034  .029  .015  .016  .009  .006  .001
fcpg=  .099  .174  .158  .108  .065  .049  .038  .045  .065  .075  .116
fcpg=  .162  .294  .222  .133  .061  .033  .028  .012  .017  .017  .020
fcpg=  .247  .350  .201  .083  .034  .024  .022  .013  .010  .009  .007
fcpg=  .083  .178  .154  .109  .059  .048  .066  .040  .052  .065  .137
fcpg=  .173  .305  .224  .126  .053  .034  .020  .012  .021  .015  .018
fcpg=  .245  .333  .222  .087  .032  .024  .023  .015  .012  .004  .002
fcpg=  .085  .175  .159  .103  .056  .057  .048  .050  .065  .066  .128
fcpg=  .198  .298  .224  .115  .058  .027  .023  .015  .015  .008  .019
fcpg=  .257  .333  .209  .093  .029  .023  .014  .016  .012  .006  .009
fcpg=  .084  .157  .165  .097  .062  .057  .054  .058  .060  .052  .145
fcpg=  .162  .333  .235  .118  .046  .025  .022  .022  .013  .011  .014
fcpg=  .258  .350  .197  .094  .036  .023  .021  .012  .008  .002  .000
fcpg=  .090  .178  .167  .094  .050  .058  .054  .047  .046  .056  .152
fcpg=  .173  .313  .249  .116  .045  .023  .024  .020  .012  .010  .015
fcpg=  .244  .338  .215  .095  .041  .025  .017  .010  .007  .005  .002
fcpg=  .094  .167  .162  .095  .054  .048  .055  .049  .053  .059  .155
fcpg=  .192  .323  .234  .104  .043  .018  .026  .018  .015  .011  .015
fcpg=  .275  .321  .203  .088  .041  .029  .027  .014  .002  .000  .000
fcpg=  .105  .167  .162  .087  .051  .046  .054  .046  .039  .076  .158
fcpg=  .223  .306  .209  .101  .042  .026  .026  .018  .015  .016  .017
fcpg=  .275  .327  .210  .083  .033  .020  .024  .015  .010  .003  .000
fcpg=  .106  .178  .151  .080  .042  .036  .049  .051  .064  .070  .165
