fcpg=  .024  .054  .093  .111  .119  .161  .120  .092  .059  .058  .108
fcpg=  .088  .131  .150  .145  .130  .111  .072  .041  .032  .030  .072
fcpg=  .065  .149  .195  .155  .128  .098  .062  .046  .032  .030  .033
fcpg=  .031  .058  .084  .116  .132  .154  .135  .081  .068  .055  .086
fcpg=  .110  .144  .175  .145  .113  .088  .066  .051  .035  .031  .042
fcpg=  .054  .103  .139  .139  .138  .130  .088  .058  .045  .034  .064
fcpg=  .022  .066  .095  .127  .141  .155  .129  .094  .057  .043  .073
fcpg=  .106  .164  .192  .150  .099  .078  .055  .049  .036  .040  .033
fcpg=  .036  .107  .152  .149  .101  .096  .081  .063  .047  .045  .114
fcpg=  .040  .072  .100  .136  .150  .141  .123  .081  .046  .037  .074
fcpg=  .132  .177  .172  .149  .103  .071  .054  .044  .033  .026  .038
fcpg=  .025  .071  .099  .120  .124  .124  .099  .073  .050  .055  .153
fcpg=  .054  .097  .128  .136  .142  .124  .093  .063  .045  .029  .090
fcpg=  .157  .189  .187  .143  .091  .062  .052  .034  .028  .027  .029
fcpg=  .062  .121  .142  .108  .090  .079  .067  .047  .051  .046  .177
fcpg=  .046  .099  .151  .148  .131  .115  .084  .048  .038  .022  .117
fcpg=  .154  .205  .200  .132  .088  .059  .055  .044  .027  .014  .020
fcpg=  .041  .111  .134  .113  .084  .058  .057  .045  .039  .062  .248
fcpg=  .049  .146  .165  .141  .109  .092  .070  .053  .036  .031  .108
fcpg=  .161  .217  .211  .148  .077  .047  .047  .038  .026  .013  .014
fcpg=  .040  .116  .130  .113  .070  .068  .052  .054  .057  .072  .221
fcpg=  .056  .140  .171  .165  .113  .076  .057  .044  .036  .030  .113
fcpg=  .144  .242  .236  .135  .077  .047  .033  .030  .021  .009  .026
fcpg=  .045  .105  .125  .097  .063  .053  .057  .051  .061  .080  .254
fcpg=  .068  .157  .174  .150  .107  .083  .056  .046  .038  .034  .087
fcpg=  .128  .269  .248  .140  .086  .042  .028  .022  .009  .015  .011
fcpg=  .051  .134  .132  .107  .066  .053  .054  .043  .054  .098  .198
fcpg=  .078  .159  .207  .149  .105  .073  .051  .041  .030  .026  .081
fcpg=  .135  .270  .244  .154  .072  .036  .033  .019  .009  .014  .013
fcpg=  .047  .120  .143  .110  .068  .048  .047  .045  .042  .106  .214
fcpg=  .090  .186  .205  .161  .099  .067  .041  .033  .029  .029  .059
fcpg=  .161  .268  .238  .139  .077  .037  .029  .021  .009  .010  .011
fcpg=  .058  .150  .147  .111  .066  .049  .045  .044  .062  .096  .164
fcpg=  .119  .214  .189  .159  .094  .069  .039  .024  .021  .022  .050
fcpg=  .170  .289  .235  .131  .060  .031  .031  .022  .014  .007  .010
fcpg=  .084  .168  .144  .109  .055  .042  .042  .037  .055  .090  .167
fcpg=  .111  .214  .203  .149  .102  .057  .049  .023  .026  .031  .036
fcpg=  .169  .290  .256  .135  .054  .025  .023  .015  .013  .006  .011
fcpg=  .082  .166  .156  .093  .059  .044  .059  .054  .060  .080  .138
fcpg=  .117  .213  .212  .157  .094  .059  .040  .028  .018  .021  .041
fcpg=  .161  .282  .233  .135  .066  .033  .025  .022  .021  .011  .012
fcpg=  .091  .140  .157  .091  .059  .048  .053  .056  .074  .079  .143
fcpg=  .112  .205  .231  .147  .091  .055  .041  .031  .029  .019  .037
fcpg=  .179  .278  .231  .133  .067  .026  .023  .018  .018  .022  .006
fcpg=  .086  .157  .154  .101  .053  .043  .048  .050  .071  .089  .138
fcpg=  .119  .222  .203  .154  .086  .054  .038  .033  .030  .017  .045
fcpg=  .179  .277  .229  .137  .056  .027  .027  .019  .016  .015  .019
fcpg=  .085  .162  .147  .095  .051  .039  .046  .053  .065  .069  .182
fcpg=  .141  .226  .231  .131  .078  .040  .028  .027  .034  .019  .046
fcpg=  .196  .310  .223  .113  .049  .027  .022  .016  .022  .017  .004
fcpg=  .086  .153  .145  .100  .044  .036  .042  .047  .074  .093  .171
fcpg=  .163  .242  .226  .124  .062  .037  .030  .025  .031  .012  .050
fcpg=  .213  .297  .229  .111  .047  .026  .017  .017  .013  .014  .016
fcpg=  .092  .150  .157  .086  .039  .034  .036  .055  .074  .092  .176
fcpg=  .161  .251  .221  .125  .068  .037  .037  .025  .019  .017  .041
fcpg=  .214  .305  .238  .112  .039  .026  .022  .019  .016  .007  .001
fcpg=  .063  .164  .155  .090  .055  .040  .053  .056  .071  .111  .133
fcpg=  .153  .269  .238  .123  .066  .036  .034  .022  .017  .020  .021
fcpg=  .241  .306  .220  .093  .045  .021  .024  .019  .019  .007  .005
fcpg=  .094  .160  .149  .087  .051  .053  .070  .071  .089  .083  .084
fcpg=  .166  .266  .226  .132  .067  .038  .032  .024  .017  .019  .014
fcpg=  .215  .334  .232  .105  .043  .025  .019  .014  .007  .005  .001
fcpg=  .105  .165  .149  .089  .060  .058  .068  .068  .078  .092  .058
fcpg=  .164  .272  .232  .127  .068  .042  .033  .016  .016  .014  .016
fcpg=  .238  .319  .223  .105  .048  .021  .011  .012  .007  .012  .004
fcpg=  .106  .167  .144  .092  .067  .054  .056  .047  .078  .114  .067
fcpg=  .156  .277  .234  .133  .071  .034  .035  .018  .014  .014  .015
fcpg=  .239  .319  .223  .110  .045  .025  .015  .011  .010  .004  .000
fcpg=  .099  .173  .152  .093  .064  .048  .054  .067  .069  .104  .068
fcpg=  .168  .286  .228  .132  .060  .045  .025  .010  .007  .014  .024
fcpg=  .220  .324  .226  .109  .046  .024  .012  .012  .011  .015  .002
fcpg=  .089  .171  .154  .106  .059  .054  .058  .057  .053  .079  .111
fcpg=  .171  .285  .235  .131  .068  .033  .026  .010  .004  .014  .024
fcpg=  .241  .333  .227  .103  .036  .014  .016  .013  .013  .003  .002
fcpg=  .101  .175  .156  .102  .062  .042  .051  .061  .071  .070  .101
fcpg=  .168  .294  .255  .122  .056  .031  .023  .008  .004  .014  .026
fcpg=  .252  .335  .214  .094  .030  .017  .016  .020  .011  .007  .005
fcpg=  .103  .181  .156  .096  .060  .052  .057  .060  .048  .055  .125
fcpg=  .204  .304  .230  .114  .044  .031  .022  .010  .006  .015  .019
fcpg=  .271  .332  .216  .090  .032  .019  .017  .010  .010  .002  .001
fcpg=  .119  .186  .161  .089  .048  .051  .066  .058  .053  .066  .095
fcpg=  .198  .307  .239  .109  .048  .028  .021  .015  .008  .016  .011
fcpg=  .257  .354  .223  .080  .034  .016  .014  .009  .005  .007  .001
fcpg=  .106  .191  .170  .094  .058  .056  .072  .051  .054  .061  .080
fcpg=  .198  .323  .235  .111  .043  .025  .022  .013  .009  .014  .006
fcpg=  .277  .333  .217  .095  .029  .014  .022  .009  .003  .000  .000
fcpg=  .107  .193  .171  .093  .053  .045  .065  .053  .073  .075  .066
fcpg=  .228  .317  .223  .100  .037  .028  .017  .016  .009  .017  .008
fcpg=  .286  .350  .203  .082  .029  .015  .015  .011  .004  .005  .001
fcpg=  .131  .201  .158  .085  .034  .037  .043  .061  .065  .070  .107
fcpg=  .242  .316  .204  .105  .039  .030  .018  .012  .013  .018  .006
fcpg=  .282  .341  .216  .082  .035  .015  .014  .008  .005  .000  .000
fcpg=  .137  .194  .156  .086  .047  .041  .049  .050  .057  .073  .101
fcpg=  .223  .316  .231  .091  .041  .028  .018  .012  .011  .016  .014
fcpg=  .272  .338  .214  .092  .027  .015  .021  .014  .006  .001  .000
fcpg=  .120  .199  .160  .089  .042  .033  .048  .060  .050  .063  .128
