fcpg=  .014  .043  .080  .099  .128  .141  .110  .083  .072  .054  .176
fcpg=  .062  .119  .160  .119  .127  .128  .091  .062  .051  .041  .039
fcpg=  .045  .121  .147  .141  .120  .110  .085  .050  .055  .043  .075
fcpg=  .021  .050  .080  .095  .125  .144  .118  .077  .066  .052  .171
fcpg=  .068  .146  .184  .159  .114  .088  .069  .048  .045  .037  .043
fcpg=  .023  .059  .115  .139  .132  .111  .076  .060  .052  .059  .164
fcpg=  .025  .060  .086  .092  .114  .142  .118  .086  .064  .062  .152
fcpg=  .088  .179  .191  .154  .104  .069  .050  .047  .039  .041  .037
fcpg=  .019  .061  .096  .110  .107  .089  .071  .062  .056  .081  .240
fcpg=  .040  .068  .100  .100  .104  .121  .123  .091  .059  .047  .147
fcpg=  .088  .191  .203  .164  .101  .071  .044  .050  .035  .022  .031
fcpg=  .037  .092  .133  .100  .055  .063  .058  .050  .046  .050  .308
fcpg=  .041  .089  .108  .112  .109  .114  .111  .070  .056  .053  .137
fcpg=  .117  .212  .206  .149  .092  .064  .047  .035  .029  .018  .030
fcpg=  .043  .099  .122  .105  .076  .084  .065  .050  .048  .065  .235
fcpg=  .057  .097  .115  .130  .126  .106  .092  .071  .056  .046  .104
fcpg=  .131  .221  .217  .141  .077  .049  .053  .040  .025  .020  .026
fcpg=  .038  .089  .109  .105  .074  .060  .065  .058  .060  .077  .257
fcpg=  .047  .109  .149  .144  .122  .110  .084  .056  .048  .050  .083
fcpg=  .145  .229  .207  .125  .077  .056  .060  .043  .025  .017  .015
fcpg=  .025  .073  .096  .097  .081  .065  .074  .075  .076  .104  .227
fcpg=  .049  .122  .151  .158  .134  .104  .076  .046  .037  .041  .083
fcpg=  .150  .232  .202  .129  .072  .060  .049  .034  .034  .022  .015
fcpg=  .018  .072  .094  .091  .062  .065  .061  .074  .084  .101  .270
fcpg=  .056  .138  .168  .165  .123  .103  .072  .057  .032  .037  .051
fcpg=  .132  .218  .194  .131  .076  .085  .054  .046  .026  .023  .016
fcpg=  .023  .059  .092  .099  .074  .072  .071  .077  .071  .078  .275
fcpg=  .050  .131  .169  .170  .136  .098  .066  .057  .038  .029  .057
fcpg=  .126  .231  .202  .126  .081  .059  .071  .042  .026  .009  .027
fcpg=  .026  .071  .093  .093  .075  .065  .075  .066  .059  .056  .312
fcpg=  .059  .137  .190  .172  .145  .091  .069  .042  .025  .027  .045
fcpg=  .121  .237  .200  .123  .069  .065  .066  .055  .023  .017  .025
fcpg=  .030  .086  .118  .096  .078  .063  .057  .056  .046  .051  .310
fcpg=  .056  .163  .207  .192  .135  .084  .047  .043  .022  .022  .030
fcpg=  .137  .224  .207  .117  .068  .068  .067  .043  .021  .014  .033
fcpg=  .027  .090  .118  .089  .071  .055  .053  .055  .049  .078  .307
fcpg=  .071  .192  .230  .180  .113  .080  .049  .034  .017  .010  .024
fcpg=  .154  .227  .177  .111  .078  .071  .056  .049  .031  .021  .025
fcpg=  .028  .078  .114  .079  .065  .059  .060  .066  .076  .077  .289
fcpg=  .075  .195  .237  .195  .119  .069  .034  .019  .016  .018  .023
fcpg=  .155  .224  .183  .110  .059  .077  .065  .046  .029  .019  .033
fcpg=  .028  .081  .109  .092  .059  .061  .052  .059  .077  .087  .286
fcpg=  .102  .206  .234  .182  .114  .059  .031  .021  .016  .014  .021
fcpg=  .163  .220  .174  .097  .060  .076  .083  .055  .025  .019  .027
fcpg=  .033  .083  .096  .085  .061  .062  .069  .076  .070  .078  .280
fcpg=  .105  .235  .238  .176  .102  .042  .030  .020  .013  .015  .025
fcpg=  .156  .223  .181  .103  .049  .067  .080  .056  .038  .024  .024
fcpg=  .034  .091  .101  .094  .061  .047  .069  .067  .079  .094  .256
fcpg=  .126  .238  .243  .158  .092  .043  .027  .021  .012  .013  .027
fcpg=  .144  .240  .176  .097  .053  .062  .073  .067  .040  .017  .032
fcpg=  .045  .110  .126  .098  .066  .047  .043  .055  .060  .074  .267
fcpg=  .123  .243  .255  .154  .093  .040  .024  .020  .014  .009  .026
fcpg=  .143  .244  .192  .103  .046  .049  .067  .073  .028  .018  .037
fcpg=  .052  .123  .130  .093  .061  .041  .048  .049  .062  .073  .259
fcpg=  .142  .263  .246  .149  .077  .040  .020  .018  .008  .012  .024
fcpg=  .147  .246  .190  .096  .056  .043  .068  .077  .025  .011  .039
fcpg=  .076  .139  .130  .088  .054  .036  .037  .050  .046  .072  .264
fcpg=  .167  .263  .232  .157  .074  .034  .021  .016  .005  .017  .015
fcpg=  .146  .242  .194  .108  .055  .048  .063  .071  .020  .014  .041
fcpg=  .083  .137  .125  .090  .050  .038  .036  .038  .055  .089  .250
fcpg=  .164  .278  .239  .148  .067  .029  .025  .020  .012  .013  .004
fcpg=  .157  .245  .187  .102  .053  .056  .067  .057  .023  .015  .037
fcpg=  .085  .137  .127  .078  .047  .043  .044  .051  .055  .084  .241
fcpg=  .171  .308  .251  .120  .065  .024  .022  .014  .012  .010  .003
fcpg=  .185  .258  .187  .090  .051  .052  .057  .049  .020  .015  .036
fcpg=  .083  .141  .114  .084  .056  .034  .040  .043  .055  .108  .235
fcpg=  .216  .289  .232  .122  .047  .034  .031  .012  .006  .010  .002
fcpg=  .191  .261  .170  .093  .061  .051  .054  .056  .023  .012  .028
fcpg=  .103  .134  .106  .072  .051  .045  .061  .053  .064  .086  .216
fcpg=  .233  .308  .224  .116  .042  .024  .023  .011  .009  .009  .002
fcpg=  .195  .258  .185  .105  .053  .048  .049  .048  .024  .008  .028
fcpg=  .097  .140  .109  .067  .035  .044  .051  .058  .082  .099  .209
fcpg=  .244  .319  .226  .104  .040  .021  .016  .014  .007  .006  .004
fcpg=  .173  .263  .209  .107  .048  .056  .046  .042  .025  .009  .021
fcpg=  .093  .144  .125  .064  .043  .052  .053  .061  .074  .070  .212
fcpg=  .248  .327  .217  .105  .037  .020  .014  .014  .008  .007  .002
fcpg=  .186  .271  .214  .106  .052  .038  .045  .033  .024  .010  .021
fcpg=  .084  .136  .120  .071  .046  .054  .064  .059  .069  .083  .207
fcpg=  .249  .331  .215  .095  .039  .021  .014  .018  .011  .005  .002
fcpg=  .194  .283  .205  .098  .055  .039  .037  .040  .021  .010  .017
fcpg=  .088  .164  .133  .067  .042  .054  .055  .059  .062  .095  .173
fcpg=  .270  .330  .214  .093  .029  .020  .015  .017  .009  .002  .002
fcpg=  .187  .302  .204  .107  .050  .026  .039  .033  .019  .012  .021
fcpg=  .096  .153  .114  .070  .047  .051  .058  .060  .060  .101  .180
fcpg=  .255  .333  .214  .091  .037  .027  .020  .011  .004  .002  .003
fcpg=  .219  .288  .204  .095  .051  .032  .034  .031  .014  .020  .013
fcpg=  .092  .149  .128  .068  .051  .050  .057  .066  .070  .089  .173
fcpg=  .260  .330  .217  .086  .035  .028  .019  .015  .005  .003  .001
fcpg=  .218  .297  .215  .097  .037  .030  .039  .024  .012  .015  .017
fcpg=  .072  .123  .128  .070  .046  .055  .069  .062  .069  .131  .165
fcpg=  .231  .341  .220  .098  .038  .028  .022  .013  .007  .004  .000
fcpg=  .189  .311  .215  .102  .043  .037  .041  .027  .013  .015  .008
fcpg=  .057  .140  .113  .070  .034  .051  .072  .081  .076  .144  .155
fcpg=  .236  .325  .225  .102  .039  .029  .024  .008  .008  .004  .000
fcpg=  .217  .306  .223  .089  .041  .034  .036  .024  .012  .009  .011
fcpg=  .060  .125  .110  .055  .037  .049  .078  .076  .079  .113  .209
