fcpg=  .022  .060  .085  .103  .120  .158  .124  .084  .068  .045  .131
fcpg=  .048  .078  .110  .111  .107  .108  .086  .071  .060  .102  .118
fcpg=  .057  .120  .155  .157  .112  .097  .093  .053  .039  .044  .065
fcpg=  .023  .044  .079  .112  .126  .149  .135  .100  .068  .053  .110
fcpg=  .051  .092  .124  .115  .106  .097  .082  .059  .067  .078  .129
fcpg=  .031  .084  .107  .119  .126  .101  .087  .066  .056  .066  .149
fcpg=  .036  .070  .099  .119  .134  .173  .123  .078  .064  .042  .061
fcpg=  .042  .104  .145  .124  .088  .103  .090  .075  .075  .073  .082
fcpg=  .051  .095  .123  .117  .089  .102  .087  .052  .047  .064  .165
fcpg=  .034  .098  .134  .162  .154  .126  .109  .061  .047  .033  .041
fcpg=  .056  .132  .138  .146  .115  .082  .069  .061  .060  .075  .066
fcpg=  .055  .110  .131  .140  .108  .077  .065  .038  .045  .065  .156
fcpg=  .052  .101  .158  .163  .151  .136  .086  .062  .036  .031  .025
fcpg=  .076  .141  .180  .131  .096  .070  .080  .062  .060  .057  .047
fcpg=  .047  .099  .153  .135  .099  .092  .073  .061  .061  .076  .096
fcpg=  .067  .122  .162  .159  .148  .125  .090  .056  .039  .022  .011
fcpg=  .090  .156  .166  .138  .094  .070  .077  .059  .052  .068  .030
fcpg=  .051  .098  .123  .128  .098  .090  .074  .054  .068  .077  .131
fcpg=  .073  .154  .185  .179  .130  .099  .062  .053  .032  .022  .011
fcpg=  .102  .190  .191  .140  .085  .055  .060  .053  .047  .046  .032
fcpg=  .060  .128  .138  .118  .082  .073  .074  .059  .061  .075  .123
fcpg=  .073  .156  .202  .165  .121  .088  .068  .047  .034  .029  .016
fcpg=  .121  .214  .205  .124  .067  .049  .065  .044  .032  .043  .037
fcpg=  .041  .104  .129  .113  .083  .076  .069  .050  .052  .095  .180
fcpg=  .099  .173  .198  .149  .118  .083  .065  .038  .032  .024  .021
fcpg=  .140  .222  .201  .131  .065  .051  .057  .041  .026  .036  .029
fcpg=  .070  .146  .145  .112  .079  .062  .050  .041  .048  .065  .175
fcpg=  .094  .193  .205  .162  .107  .072  .053  .030  .028  .016  .039
fcpg=  .138  .240  .226  .110  .060  .042  .048  .036  .034  .030  .037
fcpg=  .076  .152  .153  .116  .059  .050  .041  .035  .042  .051  .217
fcpg=  .121  .219  .224  .171  .097  .049  .036  .020  .025  .018  .020
fcpg=  .133  .275  .223  .130  .063  .046  .037  .023  .025  .024  .022
fcpg=  .101  .178  .169  .107  .054  .045  .042  .033  .043  .045  .176
fcpg=  .110  .228  .242  .171  .092  .042  .033  .025  .022  .024  .012
fcpg=  .144  .281  .239  .133  .065  .039  .029  .025  .019  .013  .012
fcpg=  .085  .186  .176  .112  .061  .034  .038  .042  .043  .055  .159
fcpg=  .115  .240  .242  .169  .086  .047  .034  .020  .024  .016  .007
fcpg=  .155  .284  .253  .133  .070  .042  .029  .013  .009  .008  .004
fcpg=  .093  .192  .185  .115  .063  .038  .044  .040  .038  .066  .116
fcpg=  .122  .248  .236  .178  .085  .046  .028  .027  .019  .012  .000
fcpg=  .168  .298  .240  .137  .075  .033  .019  .012  .013  .005  .001
fcpg=  .095  .199  .167  .105  .057  .039  .037  .072  .049  .053  .120
fcpg=  .105  .255  .257  .173  .088  .049  .026  .021  .015  .010  .001
fcpg=  .169  .302  .257  .131  .063  .039  .021  .008  .005  .003  .002
fcpg=  .105  .191  .180  .104  .045  .038  .050  .052  .051  .063  .114
fcpg=  .134  .268  .243  .169  .084  .042  .023  .016  .008  .007  .006
fcpg=  .180  .314  .251  .128  .054  .033  .020  .009  .005  .003  .001
fcpg=  .107  .209  .160  .099  .048  .043  .049  .053  .048  .057  .119
fcpg=  .148  .261  .249  .165  .080  .038  .024  .018  .012  .004  .002
fcpg=  .198  .311  .240  .119  .063  .028  .021  .011  .007  .001  .001
fcpg=  .116  .165  .158  .095  .066  .051  .050  .060  .059  .074  .098
fcpg=  .141  .297  .255  .163  .063  .031  .018  .014  .006  .009  .003
fcpg=  .211  .316  .226  .126  .049  .022  .020  .012  .005  .006  .006
fcpg=  .109  .171  .155  .104  .046  .037  .055  .067  .063  .097  .089
fcpg=  .169  .314  .255  .139  .052  .024  .016  .015  .008  .008  .000
fcpg=  .191  .317  .242  .131  .054  .027  .018  .007  .007  .006  .000
fcpg=  .108  .184  .149  .085  .045  .042  .060  .078  .071  .087  .083
fcpg=  .172  .319  .253  .139  .045  .026  .017  .013  .008  .005  .002
fcpg=  .181  .311  .249  .122  .053  .027  .018  .013  .008  .011  .006
fcpg=  .092  .174  .164  .091  .042  .046  .056  .076  .058  .081  .112
fcpg=  .205  .319  .232  .128  .042  .022  .023  .015  .012  .002  .000
fcpg=  .180  .313  .243  .135  .053  .025  .020  .010  .011  .006  .004
fcpg=  .094  .175  .152  .098  .042  .036  .061  .062  .073  .107  .092
fcpg=  .206  .311  .238  .121  .040  .028  .024  .017  .013  .002  .000
fcpg=  .176  .314  .233  .136  .060  .027  .019  .013  .006  .009  .007
fcpg=  .087  .158  .137  .083  .052  .048  .066  .085  .076  .092  .108
fcpg=  .202  .294  .238  .127  .048  .037  .026  .021  .004  .003  .000
fcpg=  .185  .303  .235  .122  .067  .032  .021  .013  .009  .008  .004
fcpg=  .086  .150  .146  .082  .055  .040  .063  .081  .090  .117  .082
fcpg=  .177  .305  .228  .140  .056  .037  .023  .020  .011  .003  .000
fcpg=  .191  .302  .231  .128  .064  .025  .018  .018  .008  .009  .007
fcpg=  .073  .143  .138  .095  .053  .052  .052  .077  .074  .113  .121
fcpg=  .177  .303  .226  .132  .061  .030  .025  .027  .016  .003  .000
fcpg=  .201  .309  .221  .125  .054  .026  .022  .012  .011  .009  .010
fcpg=  .081  .149  .124  .094  .057  .054  .058  .074  .094  .103  .103
fcpg=  .181  .310  .239  .120  .044  .033  .027  .023  .009  .011  .003
fcpg=  .198  .294  .225  .124  .049  .030  .025  .017  .015  .014  .009
fcpg=  .076  .134  .117  .079  .051  .060  .073  .061  .073  .129  .138
fcpg=  .194  .296  .235  .121  .043  .030  .026  .030  .013  .009  .002
fcpg=  .194  .302  .230  .117  .046  .032  .027  .023  .012  .009  .008
fcpg=  .087  .137  .135  .078  .047  .048  .066  .075  .087  .101  .131
fcpg=  .201  .305  .232  .116  .042  .033  .026  .028  .013  .005  .000
fcpg=  .212  .286  .219  .115  .042  .034  .032  .025  .019  .015  .001
fcpg=  .080  .121  .116  .076  .048  .046  .072  .085  .102  .123  .123
fcpg=  .202  .313  .226  .110  .051  .029  .035  .025  .006  .002  .000
fcpg=  .211  .302  .233  .106  .048  .024  .036  .019  .011  .009  .001
fcpg=  .072  .136  .139  .083  .044  .043  .073  .090  .090  .103  .118
fcpg=  .215  .304  .232  .127  .050  .026  .025  .015  .002  .003  .002
fcpg=  .214  .320  .222  .103  .039  .025  .034  .017  .016  .008  .002
fcpg=  .067  .133  .122  .074  .039  .053  .087  .092  .094  .099  .133
fcpg=  .233  .322  .230  .108  .042  .019  .023  .013  .005  .002  .001
fcpg=  .224  .316  .210  .114  .043  .026  .029  .020  .010  .007  .002
fcpg=  .087  .149  .128  .082  .052  .049  .082  .083  .073  .073  .134
fcpg=  .219  .336  .237  .109  .045  .020  .019  .009  .003  .000  .002
fcpg=  .222  .323  .209  .108  .045  .026  .028  .013  .014  .007  .005
fcpg=  .083  .144  .121  .081  .055  .057  .095  .069  .090  .066  .130
