fcpg=  .035  .067  .078  .111  .127  .139  .134  .079  .058  .042  .129
fcpg=  .083  .139  .162  .130  .127  .105  .083  .050  .041  .024  .056
fcpg=  .058  .129  .154  .153  .130  .104  .081  .052  .041  .031  .059
fcpg=  .042  .080  .109  .119  .131  .147  .121  .073  .056  .046  .077
fcpg=  .101  .169  .155  .137  .114  .087  .077  .044  .035  .030  .051
fcpg=  .062  .125  .158  .173  .133  .107  .074  .041  .034  .036  .049
fcpg=  .033  .093  .135  .143  .130  .141  .113  .067  .041  .036  .067
fcpg=  .115  .187  .198  .143  .106  .080  .044  .028  .028  .036  .034
fcpg=  .075  .153  .204  .175  .128  .092  .060  .033  .023  .028  .021
fcpg=  .046  .111  .151  .156  .143  .120  .095  .056  .039  .023  .060
fcpg=  .113  .197  .197  .128  .093  .069  .051  .044  .041  .043  .024
fcpg=  .074  .162  .194  .162  .111  .083  .059  .035  .029  .031  .051
fcpg=  .043  .120  .170  .174  .139  .115  .084  .054  .034  .021  .046
fcpg=  .124  .210  .200  .132  .088  .058  .047  .044  .040  .039  .017
fcpg=  .066  .169  .215  .169  .114  .077  .049  .040  .029  .022  .042
fcpg=  .041  .116  .174  .179  .149  .115  .077  .054  .030  .018  .046
fcpg=  .137  .218  .198  .134  .085  .054  .046  .043  .027  .030  .028
fcpg=  .049  .129  .159  .158  .125  .084  .062  .058  .031  .059  .078
fcpg=  .047  .119  .180  .188  .147  .125  .076  .040  .023  .017  .039
fcpg=  .145  .240  .198  .142  .079  .051  .041  .027  .022  .028  .028
fcpg=  .047  .119  .170  .150  .104  .091  .071  .051  .039  .057  .092
fcpg=  .053  .145  .193  .188  .138  .099  .070  .042  .021  .015  .038
fcpg=  .155  .253  .206  .123  .073  .052  .032  .033  .022  .018  .034
fcpg=  .056  .133  .147  .144  .105  .083  .059  .058  .031  .051  .124
fcpg=  .059  .148  .202  .197  .143  .085  .054  .034  .028  .021  .029
fcpg=  .165  .252  .226  .138  .064  .031  .023  .023  .023  .025  .031
fcpg=  .066  .148  .180  .157  .097  .062  .052  .040  .049  .049  .092
fcpg=  .068  .153  .195  .191  .134  .093  .062  .036  .021  .020  .029
fcpg=  .166  .287  .220  .123  .060  .032  .023  .017  .020  .027  .024
fcpg=  .052  .149  .177  .140  .102  .069  .056  .049  .050  .050  .098
fcpg=  .077  .171  .219  .175  .121  .083  .058  .041  .029  .017  .009
fcpg=  .193  .292  .216  .110  .048  .035  .019  .028  .023  .015  .021
fcpg=  .059  .139  .166  .146  .096  .081  .056  .065  .063  .048  .073
fcpg=  .080  .200  .219  .185  .111  .073  .049  .035  .021  .014  .012
fcpg=  .173  .281  .245  .123  .050  .024  .021  .023  .019  .016  .025
fcpg=  .076  .154  .170  .140  .086  .066  .059  .045  .050  .042  .105
fcpg=  .091  .206  .228  .176  .097  .067  .049  .026  .028  .020  .011
fcpg=  .189  .315  .223  .120  .048  .020  .026  .016  .018  .014  .011
fcpg=  .087  .154  .173  .130  .068  .052  .068  .050  .063  .075  .072
fcpg=  .092  .219  .246  .166  .093  .056  .042  .027  .026  .019  .015
fcpg=  .200  .306  .241  .116  .039  .019  .023  .013  .011  .011  .022
fcpg=  .080  .166  .168  .106  .058  .040  .051  .065  .059  .074  .127
fcpg=  .096  .208  .245  .178  .096  .058  .036  .030  .020  .016  .016
fcpg=  .190  .331  .226  .103  .042  .028  .020  .014  .011  .020  .015
fcpg=  .081  .170  .157  .091  .053  .049  .052  .060  .061  .068  .148
fcpg=  .108  .220  .236  .164  .087  .055  .042  .035  .021  .014  .019
fcpg=  .202  .319  .232  .105  .039  .026  .015  .012  .015  .017  .018
fcpg=  .070  .147  .145  .080  .051  .050  .062  .063  .075  .093  .157
fcpg=  .142  .241  .218  .156  .076  .058  .040  .025  .022  .014  .009
fcpg=  .209  .308  .217  .107  .042  .027  .023  .018  .014  .016  .018
fcpg=  .075  .139  .133  .083  .052  .056  .058  .053  .057  .084  .202
fcpg=  .145  .252  .233  .144  .074  .044  .039  .026  .021  .010  .011
fcpg=  .191  .309  .222  .114  .047  .030  .021  .018  .015  .013  .020
fcpg=  .066  .137  .116  .076  .054  .063  .057  .060  .064  .098  .202
fcpg=  .155  .246  .218  .141  .070  .046  .039  .030  .024  .018  .015
fcpg=  .193  .306  .225  .116  .047  .023  .020  .025  .017  .012  .015
fcpg=  .065  .124  .114  .084  .052  .046  .059  .063  .082  .113  .191
fcpg=  .162  .258  .221  .131  .074  .039  .035  .034  .020  .014  .011
fcpg=  .178  .308  .228  .110  .052  .036  .019  .017  .023  .010  .018
fcpg=  .053  .104  .113  .081  .061  .059  .056  .065  .085  .102  .214
fcpg=  .187  .264  .212  .123  .064  .039  .025  .033  .021  .018  .013
fcpg=  .197  .302  .232  .104  .049  .025  .028  .018  .032  .007  .006
fcpg=  .068  .117  .105  .076  .056  .053  .061  .069  .093  .102  .192
fcpg=  .177  .277  .218  .129  .060  .043  .022  .031  .014  .015  .014
fcpg=  .213  .312  .218  .091  .037  .029  .028  .025  .020  .009  .017
fcpg=  .056  .116  .118  .069  .047  .053  .061  .075  .073  .100  .224
fcpg=  .170  .293  .235  .123  .062  .029  .024  .018  .019  .016  .011
fcpg=  .214  .294  .221  .090  .045  .033  .028  .029  .029  .010  .006
fcpg=  .051  .101  .120  .077  .057  .045  .059  .079  .102  .114  .186
fcpg=  .177  .280  .239  .133  .058  .033  .016  .021  .016  .014  .012
fcpg=  .229  .287  .205  .104  .046  .028  .022  .030  .029  .009  .011
fcpg=  .038  .089  .113  .082  .054  .042  .055  .087  .107  .109  .215
fcpg=  .179  .298  .229  .125  .061  .034  .021  .016  .014  .013  .009
fcpg=  .206  .284  .216  .110  .050  .034  .025  .026  .026  .019  .003
fcpg=  .040  .106  .110  .081  .049  .048  .061  .081  .120  .115  .183
fcpg=  .193  .291  .236  .116  .054  .029  .021  .022  .016  .011  .010
fcpg=  .205  .299  .211  .107  .042  .033  .032  .028  .020  .016  .007
fcpg=  .047  .099  .101  .074  .043  .053  .079  .092  .092  .111  .201
fcpg=  .190  .306  .224  .112  .055  .032  .027  .021  .018  .007  .009
fcpg=  .206  .307  .220  .087  .046  .029  .032  .028  .023  .016  .006
fcpg=  .048  .116  .108  .063  .050  .056  .072  .090  .103  .087  .198
fcpg=  .195  .309  .228  .114  .050  .029  .024  .017  .011  .014  .010
fcpg=  .198  .301  .216  .095  .041  .032  .028  .034  .022  .017  .016
fcpg=  .061  .120  .105  .061  .043  .061  .068  .082  .085  .100  .207
fcpg=  .198  .316  .229  .107  .048  .036  .020  .018  .012  .011  .005
fcpg=  .212  .293  .214  .089  .041  .039  .031  .031  .022  .018  .011
fcpg=  .066  .116  .104  .061  .049  .079  .065  .078  .081  .082  .209
fcpg=  .185  .320  .238  .117  .052  .023  .023  .013  .009  .009  .010
fcpg=  .213  .300  .202  .095  .043  .033  .035  .026  .016  .019  .018
fcpg=  .061  .106  .105  .079  .063  .062  .068  .058  .054  .091  .245
fcpg=  .211  .331  .238  .101  .045  .025  .018  .011  .009  .005  .007
fcpg=  .214  .298  .202  .096  .048  .036  .034  .029  .016  .019  .007
fcpg=  .060  .112  .112  .077  .063  .065  .071  .056  .059  .103  .214
fcpg=  .216  .325  .236  .105  .038  .024  .020  .014  .008  .008  .005
fcpg=  .237  .295  .200  .083  .042  .037  .038  .027  .019  .016  .006
fcpg=  .061  .108  .110  .068  .050  .061  .072  .072  .072  .095  .223
