fcpg=  .016  .035  .071  .100  .136  .160  .139  .095  .075  .059  .113
fcpg=  .077  .108  .130  .140  .128  .125  .098  .076  .047  .029  .042
fcpg=  .059  .119  .172  .157  .120  .106  .082  .056  .033  .026  .061
fcpg=  .015  .045  .092  .120  .151  .156  .136  .085  .066  .048  .086
fcpg=  .069  .143  .161  .154  .130  .099  .077  .056  .043  .033  .035
fcpg=  .046  .111  .170  .173  .155  .124  .077  .047  .034  .019  .037
fcpg=  .016  .051  .099  .143  .162  .155  .124  .085  .045  .041  .080
fcpg=  .087  .164  .179  .160  .125  .106  .067  .041  .027  .019  .024
fcpg=  .072  .122  .157  .158  .120  .101  .068  .043  .029  .036  .085
fcpg=  .014  .053  .104  .155  .165  .154  .128  .073  .049  .034  .071
fcpg=  .080  .168  .192  .185  .113  .102  .067  .031  .017  .025  .019
fcpg=  .047  .116  .131  .146  .130  .106  .095  .057  .037  .051  .075
fcpg=  .016  .057  .134  .165  .184  .147  .112  .054  .036  .022  .072
fcpg=  .083  .186  .215  .174  .126  .084  .047  .027  .021  .016  .021
fcpg=  .040  .102  .145  .152  .132  .103  .076  .042  .028  .039  .132
fcpg=  .026  .081  .131  .160  .163  .124  .099  .065  .045  .027  .079
fcpg=  .091  .180  .219  .180  .116  .080  .046  .033  .017  .013  .025
fcpg=  .028  .081  .116  .127  .125  .102  .071  .060  .036  .038  .207
fcpg=  .037  .088  .153  .158  .150  .115  .093  .064  .043  .028  .070
fcpg=  .100  .177  .223  .170  .111  .077  .048  .026  .023  .020  .024
fcpg=  .025  .065  .111  .121  .121  .092  .067  .052  .042  .047  .248
fcpg=  .042  .108  .168  .167  .131  .109  .083  .049  .033  .032  .078
fcpg=  .110  .201  .224  .162  .094  .063  .040  .023  .025  .024  .035
fcpg=  .029  .079  .123  .130  .089  .074  .063  .047  .048  .061  .249
fcpg=  .044  .133  .180  .175  .138  .098  .064  .040  .023  .021  .084
fcpg=  .112  .201  .229  .152  .089  .058  .037  .039  .024  .022  .037
fcpg=  .036  .091  .115  .113  .090  .076  .059  .051  .040  .050  .271
fcpg=  .042  .148  .187  .183  .146  .090  .050  .028  .024  .027  .074
fcpg=  .119  .240  .223  .136  .086  .050  .029  .027  .022  .022  .046
fcpg=  .043  .103  .131  .115  .081  .061  .045  .045  .047  .055  .265
fcpg=  .047  .137  .212  .197  .133  .076  .045  .033  .028  .030  .063
fcpg=  .139  .253  .237  .139  .070  .043  .021  .021  .018  .030  .030
fcpg=  .052  .116  .138  .112  .069  .045  .038  .034  .040  .071  .277
fcpg=  .066  .180  .208  .178  .106  .070  .046  .037  .031  .034  .044
fcpg=  .168  .264  .219  .131  .063  .040  .016  .017  .017  .021  .044
fcpg=  .050  .123  .127  .114  .063  .051  .032  .035  .049  .066  .282
fcpg=  .084  .199  .225  .170  .099  .054  .039  .031  .035  .023  .041
fcpg=  .175  .268  .262  .136  .049  .021  .012  .017  .017  .013  .029
fcpg=  .059  .134  .150  .105  .055  .044  .039  .050  .065  .074  .217
fcpg=  .109  .220  .223  .161  .088  .044  .040  .021  .026  .032  .036
fcpg=  .193  .294  .235  .132  .046  .021  .016  .010  .011  .015  .027
fcpg=  .081  .124  .134  .083  .056  .043  .053  .061  .069  .082  .205
fcpg=  .126  .243  .229  .156  .083  .039  .025  .016  .026  .030  .027
fcpg=  .215  .311  .223  .116  .041  .020  .016  .013  .009  .014  .023
fcpg=  .078  .145  .142  .094  .063  .054  .052  .052  .061  .080  .172
fcpg=  .124  .254  .230  .159  .082  .041  .023  .021  .020  .025  .020
fcpg=  .209  .328  .225  .110  .047  .020  .011  .012  .007  .010  .020
fcpg=  .065  .149  .161  .109  .070  .055  .048  .061  .064  .073  .136
fcpg=  .145  .245  .245  .155  .069  .034  .023  .027  .026  .017  .014
fcpg=  .223  .324  .226  .100  .041  .019  .017  .011  .011  .008  .020
fcpg=  .069  .144  .159  .120  .064  .051  .060  .063  .061  .060  .141
fcpg=  .140  .280  .242  .130  .075  .036  .030  .025  .021  .011  .011
fcpg=  .246  .329  .213  .080  .037  .024  .017  .011  .008  .009  .027
fcpg=  .070  .161  .162  .104  .073  .058  .056  .061  .050  .043  .153
fcpg=  .158  .266  .247  .135  .063  .025  .032  .026  .019  .017  .013
fcpg=  .255  .324  .205  .083  .032  .024  .013  .018  .011  .014  .021
fcpg=  .080  .143  .142  .098  .067  .055  .057  .064  .056  .068  .162
fcpg=  .164  .278  .235  .136  .049  .033  .027  .022  .029  .016  .011
fcpg=  .250  .332  .198  .080  .032  .022  .017  .011  .019  .008  .032
fcpg=  .063  .137  .144  .102  .055  .054  .052  .057  .078  .063  .186
fcpg=  .181  .291  .225  .128  .049  .025  .022  .022  .030  .018  .010
fcpg=  .236  .311  .206  .090  .039  .026  .019  .023  .024  .014  .013
fcpg=  .051  .142  .144  .099  .063  .052  .059  .069  .075  .062  .175
fcpg=  .185  .299  .223  .123  .050  .024  .025  .024  .023  .015  .008
fcpg=  .229  .290  .216  .093  .045  .029  .027  .018  .021  .011  .020
fcpg=  .064  .120  .140  .089  .062  .054  .058  .065  .084  .091  .165
fcpg=  .192  .307  .236  .117  .043  .021  .028  .027  .016  .010  .003
fcpg=  .209  .307  .221  .096  .037  .024  .032  .024  .022  .023  .006
fcpg=  .065  .161  .136  .089  .050  .046  .064  .066  .077  .092  .146
fcpg=  .200  .326  .224  .123  .042  .017  .025  .017  .013  .009  .003
fcpg=  .242  .313  .206  .077  .040  .030  .025  .019  .018  .018  .010
fcpg=  .083  .163  .137  .084  .045  .047  .059  .057  .076  .096  .144
fcpg=  .220  .328  .235  .111  .036  .021  .020  .014  .011  .005  .001
fcpg=  .255  .303  .208  .082  .033  .021  .024  .028  .019  .019  .009
fcpg=  .101  .145  .148  .080  .049  .051  .057  .074  .076  .096  .114
fcpg=  .230  .318  .238  .109  .037  .015  .010  .014  .014  .007  .006
fcpg=  .258  .325  .190  .081  .035  .020  .018  .023  .017  .017  .017
fcpg=  .109  .167  .132  .072  .046  .041  .056  .061  .068  .101  .140
fcpg=  .212  .330  .239  .107  .036  .018  .016  .010  .016  .011  .005
fcpg=  .267  .303  .199  .082  .030  .024  .025  .021  .019  .024  .007
fcpg=  .095  .155  .121  .082  .044  .064  .056  .065  .068  .089  .153
fcpg=  .212  .323  .245  .108  .038  .021  .015  .008  .015  .010  .004
fcpg=  .257  .327  .186  .079  .029  .028  .020  .019  .020  .014  .022
fcpg=  .088  .138  .125  .079  .044  .060  .063  .065  .076  .080  .174
fcpg=  .222  .316  .230  .115  .038  .018  .019  .017  .011  .010  .003
fcpg=  .248  .327  .183  .079  .032  .035  .026  .024  .021  .015  .012
fcpg=  .071  .138  .124  .087  .049  .064  .074  .069  .067  .092  .158
fcpg=  .228  .324  .232  .097  .043  .020  .013  .014  .013  .011  .005
fcpg=  .257  .307  .198  .086  .035  .026  .027  .017  .018  .011  .018
fcpg=  .060  .129  .128  .086  .058  .056  .056  .065  .074  .097  .181
fcpg=  .239  .330  .220  .099  .036  .018  .015  .019  .014  .007  .003
fcpg=  .252  .306  .198  .083  .035  .027  .030  .021  .017  .016  .015
fcpg=  .072  .140  .121  .073  .049  .057  .069  .075  .073  .108  .154
fcpg=  .247  .321  .225  .089  .039  .022  .014  .011  .014  .010  .009
fcpg=  .267  .322  .190  .077  .027  .024  .028  .022  .014  .009  .021
fcpg=  .081  .138  .119  .074  .044  .050  .061  .063  .072  .079  .211
