fcpg=  .035  .070  .107  .102  .113  .137  .115  .077  .066  .052  .125
fcpg=  .085  .115  .115  .096  .094  .114  .098  .066  .061  .054  .103
fcpg=  .090  .147  .163  .131  .099  .113  .090  .052  .037  .029  .041
fcpg=  .028  .052  .092  .105  .122  .138  .123  .087  .061  .056  .135
fcpg=  .103  .128  .138  .111  .099  .093  .082  .064  .052  .050  .079
fcpg=  .038  .099  .161  .162  .134  .112  .090  .059  .042  .038  .056
fcpg=  .033  .074  .098  .121  .141  .142  .109  .077  .068  .041  .098
fcpg=  .121  .157  .148  .117  .108  .101  .074  .046  .035  .026  .067
fcpg=  .058  .126  .152  .147  .115  .107  .075  .054  .066  .032  .061
fcpg=  .034  .091  .124  .129  .132  .125  .101  .075  .054  .036  .099
fcpg=  .125  .198  .178  .130  .090  .067  .049  .032  .038  .038  .055
fcpg=  .050  .119  .162  .155  .127  .085  .053  .042  .043  .071  .083
fcpg=  .028  .075  .124  .128  .143  .149  .118  .077  .042  .031  .086
fcpg=  .116  .215  .194  .126  .093  .054  .055  .043  .037  .026  .042
fcpg=  .037  .107  .156  .151  .131  .100  .086  .056  .046  .046  .075
fcpg=  .035  .079  .120  .140  .147  .137  .099  .068  .046  .040  .089
fcpg=  .123  .197  .204  .129  .082  .064  .058  .040  .029  .032  .042
fcpg=  .035  .087  .147  .146  .123  .099  .070  .048  .047  .054  .135
fcpg=  .038  .074  .122  .149  .146  .123  .099  .067  .043  .048  .092
fcpg=  .143  .223  .211  .124  .071  .048  .049  .033  .035  .023  .039
fcpg=  .048  .116  .149  .137  .107  .073  .046  .038  .032  .037  .207
fcpg=  .045  .087  .151  .149  .131  .121  .086  .065  .044  .043  .076
fcpg=  .145  .226  .210  .120  .061  .047  .045  .041  .037  .027  .041
fcpg=  .049  .107  .143  .125  .101  .078  .060  .045  .041  .037  .207
fcpg=  .070  .119  .151  .149  .123  .125  .078  .058  .039  .030  .056
fcpg=  .144  .235  .206  .130  .059  .040  .044  .048  .033  .025  .037
fcpg=  .063  .115  .131  .129  .088  .079  .065  .053  .055  .045  .169
fcpg=  .061  .124  .178  .168  .131  .099  .079  .060  .032  .028  .040
fcpg=  .177  .267  .193  .115  .045  .034  .040  .038  .034  .017  .038
fcpg=  .067  .137  .154  .133  .073  .063  .049  .039  .052  .049  .177
fcpg=  .058  .148  .174  .174  .129  .090  .071  .062  .039  .022  .034
fcpg=  .193  .278  .205  .100  .038  .030  .045  .035  .020  .028  .029
fcpg=  .081  .125  .150  .112  .078  .073  .067  .058  .040  .063  .145
fcpg=  .068  .152  .196  .177  .116  .089  .070  .051  .038  .026  .018
fcpg=  .183  .285  .216  .103  .043  .029  .037  .038  .022  .021  .025
fcpg=  .080  .147  .157  .111  .081  .068  .062  .062  .063  .065  .098
fcpg=  .071  .161  .198  .178  .107  .081  .066  .050  .043  .037  .008
fcpg=  .193  .284  .210  .105  .045  .044  .031  .034  .028  .013  .012
fcpg=  .076  .149  .159  .122  .081  .079  .068  .055  .053  .075  .074
fcpg=  .071  .167  .206  .170  .110  .079  .064  .050  .041  .026  .015
fcpg=  .179  .271  .211  .115  .050  .048  .038  .028  .023  .019  .017
fcpg=  .052  .116  .138  .115  .082  .079  .069  .051  .070  .107  .113
fcpg=  .094  .212  .221  .160  .091  .059  .053  .041  .033  .023  .015
fcpg=  .188  .280  .203  .094  .044  .044  .045  .042  .027  .023  .008
fcpg=  .071  .133  .133  .114  .072  .062  .052  .060  .078  .088  .130
fcpg=  .086  .216  .223  .158  .086  .062  .060  .048  .021  .019  .021
fcpg=  .196  .279  .202  .100  .047  .036  .034  .044  .022  .025  .016
fcpg=  .060  .118  .126  .096  .058  .061  .053  .064  .090  .126  .140
fcpg=  .109  .222  .233  .161  .085  .053  .048  .042  .020  .016  .011
fcpg=  .195  .283  .200  .098  .046  .040  .035  .038  .021  .024  .020
fcpg=  .054  .118  .130  .091  .068  .060  .057  .076  .087  .128  .123
fcpg=  .126  .255  .228  .144  .080  .045  .040  .036  .020  .012  .014
fcpg=  .180  .273  .224  .105  .058  .037  .039  .032  .017  .017  .018
fcpg=  .059  .125  .119  .084  .071  .060  .067  .087  .074  .123  .123
fcpg=  .162  .267  .236  .125  .062  .044  .033  .026  .035  .007  .003
fcpg=  .163  .294  .221  .108  .049  .035  .034  .031  .031  .030  .004
fcpg=  .078  .146  .134  .077  .053  .051  .055  .065  .144  .143  .047
fcpg=  .169  .278  .256  .129  .060  .026  .025  .029  .020  .006  .002
fcpg=  .176  .276  .212  .111  .052  .035  .042  .028  .032  .027  .009
fcpg=  .067  .150  .130  .075  .046  .043  .064  .087  .124  .110  .095
fcpg=  .179  .287  .242  .138  .053  .027  .023  .018  .024  .010  .000
fcpg=  .166  .285  .230  .111  .045  .040  .047  .029  .024  .014  .008
fcpg=  .074  .156  .148  .105  .065  .060  .063  .060  .078  .102  .081
fcpg=  .183  .307  .229  .140  .049  .031  .024  .012  .016  .006  .001
fcpg=  .168  .291  .233  .113  .050  .034  .032  .032  .018  .012  .018
fcpg=  .075  .166  .143  .090  .051  .045  .062  .058  .074  .085  .142
fcpg=  .199  .301  .240  .124  .044  .033  .023  .014  .015  .005  .000
fcpg=  .194  .284  .228  .112  .042  .035  .027  .033  .020  .012  .014
fcpg=  .080  .141  .160  .106  .059  .048  .049  .063  .084  .086  .115
fcpg=  .192  .295  .238  .125  .051  .032  .021  .023  .014  .007  .001
fcpg=  .195  .295  .203  .105  .057  .037  .035  .033  .013  .011  .016
fcpg=  .080  .148  .139  .086  .046  .052  .059  .075  .068  .081  .157
fcpg=  .177  .315  .245  .118  .050  .029  .024  .023  .008  .006  .005
fcpg=  .185  .295  .222  .101  .052  .037  .036  .028  .020  .009  .014
fcpg=  .077  .134  .156  .096  .054  .059  .070  .063  .057  .076  .150
fcpg=  .209  .307  .231  .110  .051  .026  .022  .020  .016  .006  .002
fcpg=  .191  .274  .231  .125  .045  .040  .030  .023  .018  .008  .016
fcpg=  .073  .134  .138  .103  .045  .056  .063  .069  .082  .077  .151
fcpg=  .217  .301  .219  .122  .047  .027  .022  .020  .016  .007  .002
fcpg=  .197  .283  .219  .115  .047  .038  .043  .035  .010  .009  .003
fcpg=  .101  .160  .115  .082  .043  .047  .074  .082  .083  .100  .104
fcpg=  .226  .307  .236  .108  .036  .023  .017  .020  .013  .012  .002
fcpg=  .205  .292  .216  .108  .048  .032  .030  .027  .014  .015  .013
fcpg=  .090  .154  .144  .072  .035  .047  .074  .086  .079  .099  .111
fcpg=  .217  .319  .231  .101  .042  .024  .015  .017  .016  .015  .004
fcpg=  .205  .303  .219  .105  .044  .027  .030  .022  .023  .016  .006
fcpg=  .086  .166  .137  .064  .043  .047  .086  .073  .064  .111  .114
fcpg=  .217  .310  .218  .114  .043  .023  .015  .024  .018  .014  .004
fcpg=  .195  .295  .235  .121  .041  .024  .020  .020  .019  .013  .017
fcpg=  .076  .147  .132  .085  .044  .048  .072  .070  .096  .095  .128
fcpg=  .239  .302  .206  .108  .045  .023  .018  .027  .024  .007  .002
fcpg=  .207  .301  .212  .113  .045  .030  .023  .017  .027  .014  .012
fcpg=  .073  .148  .132  .084  .054  .050  .061  .062  .113  .099  .114
fcpg=  .235  .301  .218  .101  .037  .022  .023  .029  .016  .016  .002
fcpg=  .219  .296  .223  .101  .044  .037  .022  .014  .008  .018  .019
fcpg=  .074  .129  .135  .083  .048  .062  .051  .062  .070  .128  .151
