fcpg=  .025  .064  .109  .107  .131  .133  .098  .075  .057  .043  .158
fcpg=  .091  .126  .137  .107  .106  .104  .081  .063  .051  .043  .091
fcpg=  .095  .167  .172  .118  .087  .066  .057  .045  .040  .033  .111
fcpg=  .022  .055  .110  .121  .126  .133  .106  .076  .059  .051  .142
fcpg=  .098  .132  .137  .131  .104  .093  .075  .059  .043  .049  .079
fcpg=  .046  .091  .145  .145  .114  .098  .073  .060  .044  .054  .123
fcpg=  .047  .069  .100  .114  .112  .136  .100  .075  .058  .050  .138
fcpg=  .101  .149  .147  .124  .108  .088  .074  .054  .047  .053  .053
fcpg=  .064  .087  .125  .115  .092  .090  .075  .076  .070  .087  .111
fcpg=  .034  .067  .104  .119  .128  .127  .103  .075  .055  .048  .141
fcpg=  .106  .162  .167  .140  .095  .080  .059  .048  .047  .033  .061
fcpg=  .037  .077  .132  .121  .120  .095  .074  .048  .050  .050  .187
fcpg=  .057  .089  .113  .130  .119  .128  .102  .070  .048  .033  .111
fcpg=  .121  .197  .194  .128  .088  .054  .048  .045  .045  .038  .044
fcpg=  .055  .117  .154  .146  .106  .085  .080  .050  .053  .039  .107
fcpg=  .056  .114  .130  .136  .138  .122  .086  .048  .047  .031  .093
fcpg=  .122  .194  .192  .134  .090  .060  .047  .038  .047  .037  .040
fcpg=  .035  .100  .151  .138  .108  .085  .052  .037  .058  .055  .172
fcpg=  .066  .108  .136  .129  .123  .122  .087  .060  .038  .046  .085
fcpg=  .124  .185  .205  .132  .086  .062  .054  .043  .042  .035  .032
fcpg=  .036  .110  .142  .118  .096  .090  .062  .045  .049  .071  .172
fcpg=  .067  .108  .144  .140  .120  .125  .088  .060  .036  .030  .082
fcpg=  .110  .221  .196  .133  .077  .055  .060  .044  .048  .037  .020
fcpg=  .034  .094  .120  .111  .092  .082  .068  .047  .044  .060  .241
fcpg=  .058  .127  .165  .149  .120  .103  .078  .061  .037  .032  .071
fcpg=  .114  .199  .185  .130  .076  .055  .073  .055  .047  .028  .038
fcpg=  .033  .081  .119  .103  .085  .060  .058  .051  .052  .098  .251
fcpg=  .051  .114  .153  .162  .129  .098  .069  .054  .039  .041  .088
fcpg=  .122  .199  .181  .120  .071  .058  .083  .055  .044  .029  .040
fcpg=  .031  .072  .103  .111  .077  .055  .054  .043  .047  .075  .325
fcpg=  .060  .115  .171  .164  .132  .097  .066  .047  .034  .040  .073
fcpg=  .117  .189  .184  .127  .072  .069  .066  .060  .036  .026  .052
fcpg=  .026  .065  .097  .101  .073  .061  .044  .045  .047  .068  .366
fcpg=  .066  .135  .174  .160  .125  .081  .064  .057  .047  .043  .050
fcpg=  .125  .198  .181  .115  .081  .062  .075  .051  .030  .022  .060
fcpg=  .019  .059  .087  .071  .071  .059  .053  .056  .058  .077  .382
fcpg=  .088  .156  .193  .150  .109  .068  .050  .041  .039  .043  .062
fcpg=  .132  .226  .191  .119  .071  .054  .051  .043  .029  .028  .054
fcpg=  .030  .064  .090  .083  .060  .053  .041  .047  .059  .086  .377
fcpg=  .071  .178  .222  .154  .099  .068  .050  .035  .032  .044  .048
fcpg=  .134  .231  .183  .121  .062  .052  .061  .040  .027  .031  .058
fcpg=  .024  .075  .080  .072  .050  .043  .053  .049  .052  .094  .399
fcpg=  .087  .187  .226  .157  .105  .061  .042  .027  .031  .035  .042
fcpg=  .122  .231  .202  .131  .059  .045  .059  .036  .036  .030  .050
fcpg=  .026  .067  .087  .085  .059  .056  .058  .047  .056  .090  .359
fcpg=  .100  .192  .229  .160  .104  .057  .030  .028  .024  .030  .045
fcpg=  .132  .219  .199  .124  .070  .051  .053  .039  .037  .031  .045
fcpg=  .025  .050  .085  .080  .066  .055  .054  .059  .067  .104  .347
fcpg=  .112  .208  .218  .161  .097  .053  .035  .030  .016  .023  .045
fcpg=  .150  .227  .195  .109  .064  .057  .058  .033  .033  .031  .044
fcpg=  .027  .070  .100  .084  .064  .063  .066  .060  .069  .089  .301
fcpg=  .105  .206  .221  .169  .103  .054  .037  .023  .016  .027  .039
fcpg=  .174  .252  .188  .110  .053  .050  .048  .029  .028  .029  .039
fcpg=  .038  .076  .097  .077  .059  .063  .070  .058  .071  .101  .283
fcpg=  .101  .223  .238  .163  .087  .046  .035  .027  .028  .026  .025
fcpg=  .194  .247  .190  .111  .053  .035  .043  .036  .032  .034  .024
fcpg=  .051  .099  .106  .079  .062  .044  .059  .071  .066  .092  .262
fcpg=  .129  .239  .233  .146  .076  .042  .038  .042  .019  .021  .016
fcpg=  .171  .266  .204  .109  .045  .031  .039  .040  .026  .041  .029
fcpg=  .044  .092  .099  .074  .051  .049  .051  .088  .076  .126  .240
fcpg=  .141  .255  .234  .137  .070  .043  .042  .031  .020  .011  .018
fcpg=  .169  .278  .191  .110  .048  .047  .041  .039  .025  .032  .019
fcpg=  .043  .093  .107  .089  .064  .059  .067  .067  .063  .085  .253
fcpg=  .146  .267  .233  .140  .078  .038  .035  .020  .019  .012  .011
fcpg=  .155  .255  .213  .113  .053  .039  .050  .044  .021  .024  .033
fcpg=  .029  .091  .112  .084  .060  .045  .070  .066  .068  .086  .282
fcpg=  .172  .261  .217  .124  .082  .051  .034  .025  .014  .012  .008
fcpg=  .163  .262  .206  .095  .049  .050  .049  .044  .024  .031  .027
fcpg=  .056  .093  .092  .069  .053  .057  .058  .064  .069  .096  .285
fcpg=  .178  .269  .213  .134  .063  .040  .032  .024  .020  .009  .019
fcpg=  .183  .276  .201  .090  .047  .041  .053  .030  .024  .029  .025
fcpg=  .043  .093  .100  .075  .048  .063  .064  .059  .059  .094  .293
fcpg=  .195  .298  .218  .117  .053  .032  .026  .025  .012  .009  .016
fcpg=  .193  .262  .205  .102  .043  .036  .028  .038  .037  .035  .021
fcpg=  .053  .115  .101  .083  .050  .045  .056  .070  .071  .086  .262
fcpg=  .197  .306  .208  .125  .044  .035  .024  .016  .016  .015  .014
fcpg=  .199  .281  .205  .099  .053  .034  .027  .028  .023  .031  .020
fcpg=  .051  .121  .105  .077  .046  .055  .057  .054  .067  .103  .255
fcpg=  .201  .303  .226  .105  .052  .028  .022  .016  .017  .018  .011
fcpg=  .205  .261  .216  .110  .047  .040  .029  .028  .020  .031  .014
fcpg=  .070  .115  .108  .069  .047  .057  .059  .059  .072  .098  .237
fcpg=  .203  .318  .225  .108  .048  .024  .019  .014  .016  .016  .009
fcpg=  .183  .291  .221  .119  .046  .031  .023  .024  .018  .023  .021
fcpg=  .068  .124  .110  .061  .038  .046  .058  .065  .072  .122  .229
fcpg=  .208  .311  .228  .114  .043  .028  .015  .015  .016  .016  .005
fcpg=  .210  .289  .202  .114  .047  .033  .030  .018  .016  .026  .013
fcpg=  .067  .117  .110  .081  .042  .055  .057  .058  .080  .132  .193
fcpg=  .214  .312  .243  .104  .039  .022  .017  .015  .019  .010  .003
fcpg=  .204  .294  .223  .109  .042  .028  .027  .021  .014  .020  .017
fcpg=  .049  .121  .116  .070  .041  .050  .065  .065  .088  .144  .183
fcpg=  .216  .323  .225  .102  .043  .025  .022  .016  .017  .010  .002
fcpg=  .217  .296  .198  .093  .041  .029  .045  .032  .019  .023  .007
fcpg=  .060  .115  .112  .065  .048  .052  .067  .063  .100  .140  .171
fcpg=  .230  .332  .219  .094  .035  .025  .023  .015  .013  .006  .007
fcpg=  .220  .305  .197  .086  .039  .033  .045  .026  .015  .015  .018
fcpg=  .065  .116  .109  .063  .033  .045  .069  .069  .097  .107  .217
