fcpg=  .035  .048  .073  .111  .119  .150  .108  .095  .072  .045  .144
fcpg=  .086  .132  .129  .117  .104  .102  .099  .063  .053  .041  .074
fcpg=  .057  .100  .134  .158  .117  .090  .070  .055  .061  .047  .102
fcpg=  .029  .054  .096  .098  .122  .143  .110  .085  .066  .058  .140
fcpg=  .098  .142  .156  .133  .104  .091  .089  .052  .042  .030  .061
fcpg=  .041  .099  .136  .121  .099  .088  .070  .050  .051  .064  .173
fcpg=  .027  .067  .115  .146  .139  .118  .102  .066  .052  .041  .127
fcpg=  .118  .196  .190  .137  .079  .073  .059  .041  .032  .024  .050
fcpg=  .059  .101  .127  .121  .105  .086  .058  .054  .056  .065  .159
fcpg=  .023  .081  .128  .147  .122  .119  .101  .073  .048  .049  .109
fcpg=  .163  .201  .184  .122  .084  .061  .057  .032  .028  .025  .043
fcpg=  .052  .107  .132  .126  .097  .071  .075  .059  .059  .075  .139
fcpg=  .039  .107  .151  .168  .132  .119  .081  .053  .037  .040  .072
fcpg=  .183  .255  .200  .117  .058  .054  .038  .027  .020  .023  .024
fcpg=  .071  .145  .172  .152  .107  .075  .070  .052  .037  .041  .070
fcpg=  .070  .114  .159  .170  .142  .115  .075  .051  .033  .028  .043
fcpg=  .205  .238  .217  .129  .063  .040  .032  .024  .025  .015  .011
fcpg=  .085  .173  .190  .154  .112  .072  .052  .049  .032  .035  .039
fcpg=  .068  .125  .165  .171  .141  .110  .091  .053  .033  .019  .024
fcpg=  .186  .284  .219  .118  .057  .045  .033  .024  .021  .012  .002
fcpg=  .079  .167  .185  .163  .104  .074  .057  .043  .027  .027  .065
fcpg=  .076  .157  .180  .162  .132  .106  .073  .053  .033  .018  .009
fcpg=  .193  .280  .221  .117  .074  .038  .028  .022  .015  .008  .001
fcpg=  .062  .154  .172  .119  .096  .074  .073  .054  .052  .051  .085
fcpg=  .080  .162  .205  .161  .128  .096  .065  .043  .032  .013  .014
fcpg=  .209  .278  .208  .118  .062  .053  .031  .016  .016  .006  .003
fcpg=  .068  .147  .146  .118  .089  .080  .059  .048  .058  .057  .121
fcpg=  .077  .167  .197  .168  .119  .074  .062  .045  .035  .023  .034
fcpg=  .200  .284  .216  .116  .060  .048  .026  .017  .011  .011  .011
fcpg=  .066  .122  .138  .114  .090  .064  .054  .050  .047  .047  .200
fcpg=  .093  .180  .191  .166  .113  .081  .048  .036  .037  .016  .037
fcpg=  .222  .313  .215  .119  .045  .027  .020  .012  .007  .008  .011
fcpg=  .076  .145  .145  .117  .068  .051  .049  .034  .042  .063  .202
fcpg=  .085  .203  .215  .161  .097  .061  .054  .032  .030  .022  .040
fcpg=  .202  .304  .241  .117  .054  .027  .015  .008  .006  .009  .019
fcpg=  .076  .168  .177  .128  .080  .055  .051  .044  .029  .035  .150
fcpg=  .092  .200  .236  .182  .095  .057  .037  .032  .026  .016  .027
fcpg=  .212  .305  .234  .127  .048  .020  .018  .011  .008  .007  .011
fcpg=  .075  .160  .182  .142  .075  .044  .042  .036  .043  .071  .121
fcpg=  .103  .201  .249  .177  .097  .050  .034  .030  .029  .017  .014
fcpg=  .220  .306  .230  .124  .046  .018  .014  .009  .014  .005  .013
fcpg=  .107  .182  .186  .133  .070  .043  .042  .030  .057  .050  .092
fcpg=  .114  .230  .239  .168  .093  .048  .035  .035  .022  .013  .004
fcpg=  .213  .323  .233  .105  .048  .021  .020  .008  .007  .009  .013
fcpg=  .093  .175  .174  .125  .076  .052  .050  .051  .061  .057  .077
fcpg=  .119  .249  .253  .155  .076  .040  .040  .028  .021  .013  .005
fcpg=  .227  .315  .241  .112  .043  .014  .017  .008  .005  .007  .010
fcpg=  .092  .185  .178  .126  .065  .046  .064  .061  .069  .058  .048
fcpg=  .133  .256  .243  .165  .074  .039  .032  .025  .022  .005  .005
fcpg=  .217  .331  .242  .105  .044  .024  .013  .008  .007  .005  .005
fcpg=  .101  .175  .175  .125  .079  .050  .052  .072  .071  .055  .036
fcpg=  .149  .255  .232  .152  .070  .046  .028  .027  .020  .007  .015
fcpg=  .224  .330  .229  .119  .040  .017  .017  .008  .005  .003  .008
fcpg=  .087  .183  .176  .133  .069  .048  .052  .054  .041  .044  .103
fcpg=  .142  .251  .249  .150  .078  .036  .035  .030  .020  .010  .001
fcpg=  .222  .343  .238  .111  .039  .019  .015  .006  .003  .002  .002
fcpg=  .101  .194  .186  .115  .057  .042  .052  .044  .060  .071  .068
fcpg=  .137  .248  .240  .153  .078  .048  .032  .027  .019  .010  .007
fcpg=  .252  .341  .230  .090  .039  .012  .009  .005  .007  .005  .010
fcpg=  .104  .191  .177  .118  .070  .046  .039  .045  .039  .045  .117
fcpg=  .140  .265  .234  .153  .084  .045  .031  .019  .016  .010  .002
fcpg=  .263  .344  .228  .083  .029  .022  .008  .007  .009  .006  .000
fcpg=  .110  .199  .177  .100  .060  .051  .040  .043  .053  .074  .084
fcpg=  .134  .264  .249  .157  .078  .041  .029  .022  .013  .011  .003
fcpg=  .270  .341  .211  .077  .025  .019  .016  .011  .012  .009  .008
fcpg=  .121  .198  .174  .100  .060  .047  .042  .045  .044  .053  .107
fcpg=  .143  .259  .244  .156  .075  .041  .032  .024  .016  .008  .003
fcpg=  .266  .330  .204  .091  .029  .017  .025  .015  .017  .007  .000
fcpg=  .094  .184  .158  .114  .064  .056  .053  .054  .067  .082  .066
fcpg=  .138  .258  .239  .158  .083  .047  .034  .021  .007  .010  .006
fcpg=  .252  .329  .215  .086  .034  .020  .023  .015  .012  .012  .003
fcpg=  .085  .161  .168  .120  .077  .054  .058  .059  .049  .069  .091
fcpg=  .141  .253  .249  .150  .090  .046  .031  .019  .011  .006  .004
fcpg=  .256  .335  .211  .088  .036  .028  .022  .009  .007  .008  .000
fcpg=  .071  .152  .183  .130  .069  .069  .057  .043  .049  .081  .087
fcpg=  .161  .281  .238  .142  .065  .040  .028  .012  .012  .011  .009
fcpg=  .247  .339  .223  .097  .038  .020  .005  .005  .008  .013  .006
fcpg=  .091  .172  .163  .110  .063  .049  .045  .045  .049  .078  .126
fcpg=  .168  .290  .243  .129  .066  .037  .024  .016  .015  .004  .008
fcpg=  .270  .329  .210  .087  .037  .021  .021  .009  .004  .007  .005
fcpg=  .096  .181  .173  .098  .056  .056  .052  .043  .053  .064  .120
fcpg=  .166  .293  .243  .131  .069  .035  .021  .015  .007  .007  .014
fcpg=  .264  .341  .212  .092  .029  .021  .011  .010  .003  .005  .013
fcpg=  .090  .183  .168  .090  .050  .049  .055  .050  .049  .061  .147
fcpg=  .194  .305  .235  .114  .055  .033  .021  .015  .010  .005  .011
fcpg=  .279  .322  .210  .085  .039  .024  .017  .011  .003  .005  .005
fcpg=  .116  .181  .153  .082  .054  .058  .053  .046  .041  .050  .159
fcpg=  .208  .304  .227  .115  .053  .029  .017  .013  .007  .008  .018
fcpg=  .271  .368  .209  .071  .026  .016  .012  .006  .007  .005  .009
fcpg=  .112  .193  .137  .068  .048  .043  .051  .049  .044  .057  .190
fcpg=  .211  .301  .224  .118  .053  .032  .018  .011  .008  .009  .016
fcpg=  .275  .347  .192  .090  .035  .021  .019  .011  .005  .002  .003
fcpg=  .086  .171  .141  .084  .054  .045  .061  .056  .053  .065  .175
fcpg=  .196  .304  .224  .126  .057  .025  .021  .015  .009  .005  .016
fcpg=  .284  .345  .205  .083  .025  .015  .011  .012  .009  .005  .005
fcpg=  .094  .170  .146  .078  .042  .037  .051  .062  .052  .089  .171
