fcpg=  .020  .054  .092  .099  .128  .147  .121  .085  .077  .053  .124
fcpg=  .064  .132  .162  .143  .142  .117  .085  .042  .038  .027  .047
fcpg=  .083  .168  .188  .144  .114  .087  .056  .038  .033  .029  .051
fcpg=  .019  .041  .083  .122  .145  .154  .130  .087  .067  .051  .100
fcpg=  .061  .143  .183  .160  .118  .095  .083  .051  .038  .028  .041
fcpg=  .022  .075  .125  .156  .130  .113  .096  .075  .052  .056  .092
fcpg=  .027  .057  .110  .136  .152  .153  .122  .077  .050  .044  .072
fcpg=  .081  .158  .187  .153  .118  .095  .061  .045  .032  .027  .044
fcpg=  .038  .094  .125  .133  .098  .088  .066  .051  .068  .088  .143
fcpg=  .019  .060  .098  .135  .144  .153  .133  .081  .053  .039  .084
fcpg=  .076  .152  .185  .143  .099  .086  .063  .054  .047  .034  .061
fcpg=  .015  .052  .078  .108  .098  .094  .088  .064  .058  .075  .262
fcpg=  .026  .073  .119  .144  .152  .145  .105  .077  .059  .049  .051
fcpg=  .095  .173  .198  .156  .095  .059  .049  .042  .044  .028  .062
fcpg=  .019  .070  .097  .110  .101  .084  .060  .059  .067  .065  .260
fcpg=  .029  .083  .134  .157  .156  .125  .105  .069  .052  .037  .052
fcpg=  .101  .181  .202  .143  .076  .050  .046  .041  .047  .035  .078
fcpg=  .013  .045  .082  .098  .077  .068  .069  .054  .062  .070  .355
fcpg=  .038  .118  .169  .177  .155  .109  .087  .054  .037  .021  .034
fcpg=  .120  .212  .193  .119  .082  .045  .043  .038  .046  .043  .059
fcpg=  .020  .068  .096  .087  .083  .071  .069  .066  .064  .065  .304
fcpg=  .052  .127  .182  .182  .160  .100  .069  .041  .027  .020  .039
fcpg=  .123  .228  .202  .133  .073  .053  .035  .031  .039  .036  .048
fcpg=  .014  .065  .088  .093  .079  .066  .049  .054  .057  .094  .331
fcpg=  .075  .153  .210  .186  .140  .089  .049  .031  .026  .012  .029
fcpg=  .134  .225  .206  .119  .071  .054  .038  .030  .030  .037  .055
fcpg=  .034  .092  .127  .098  .063  .061  .046  .047  .049  .074  .302
fcpg=  .082  .174  .211  .191  .126  .078  .048  .029  .018  .008  .034
fcpg=  .134  .231  .201  .130  .073  .047  .046  .031  .030  .029  .049
fcpg=  .040  .089  .117  .102  .068  .052  .044  .042  .054  .079  .305
fcpg=  .091  .192  .215  .169  .126  .085  .046  .025  .013  .012  .025
fcpg=  .133  .252  .215  .115  .062  .051  .046  .038  .027  .020  .040
fcpg=  .058  .117  .121  .080  .066  .053  .050  .049  .049  .059  .289
fcpg=  .102  .204  .232  .186  .108  .067  .039  .020  .013  .008  .020
fcpg=  .148  .247  .205  .129  .065  .042  .049  .033  .020  .019  .043
fcpg=  .059  .112  .125  .102  .065  .045  .049  .043  .050  .062  .281
fcpg=  .091  .196  .242  .182  .110  .067  .050  .019  .019  .014  .008
fcpg=  .149  .244  .223  .124  .059  .049  .041  .028  .024  .025  .035
fcpg=  .056  .122  .142  .096  .057  .048  .043  .040  .050  .075  .263
fcpg=  .110  .202  .243  .193  .099  .054  .044  .019  .014  .014  .008
fcpg=  .151  .251  .216  .131  .053  .039  .042  .041  .021  .017  .038
fcpg=  .057  .125  .142  .100  .059  .039  .039  .041  .050  .074  .266
fcpg=  .112  .246  .254  .168  .099  .053  .029  .015  .014  .008  .002
fcpg=  .152  .246  .227  .120  .064  .036  .043  .034  .027  .019  .031
fcpg=  .063  .126  .150  .112  .056  .040  .049  .044  .051  .069  .230
fcpg=  .124  .251  .269  .160  .084  .045  .030  .019  .011  .006  .002
fcpg=  .160  .258  .213  .117  .066  .051  .038  .028  .023  .012  .034
fcpg=  .067  .137  .153  .099  .055  .042  .037  .046  .058  .087  .211
fcpg=  .143  .270  .253  .155  .085  .038  .024  .018  .009  .004  .002
fcpg=  .151  .270  .213  .124  .054  .048  .045  .032  .021  .014  .027
fcpg=  .060  .159  .158  .096  .060  .038  .047  .051  .057  .060  .205
fcpg=  .156  .285  .248  .146  .080  .033  .022  .013  .009  .006  .001
fcpg=  .167  .280  .197  .120  .056  .050  .034  .035  .020  .015  .025
fcpg=  .072  .162  .146  .093  .059  .044  .043  .060  .068  .065  .179
fcpg=  .174  .295  .269  .145  .064  .022  .018  .007  .004  .002  .000
fcpg=  .172  .265  .228  .102  .057  .047  .048  .033  .019  .019  .012
fcpg=  .079  .159  .171  .104  .065  .052  .053  .046  .047  .068  .147
fcpg=  .204  .328  .252  .127  .054  .019  .011  .004  .000  .000  .000
fcpg=  .168  .282  .217  .110  .056  .043  .042  .030  .023  .015  .014
fcpg=  .089  .178  .166  .106  .052  .044  .054  .058  .066  .063  .116
fcpg=  .230  .333  .233  .117  .048  .019  .013  .007  .000  .000  .000
fcpg=  .175  .280  .229  .108  .047  .051  .039  .026  .021  .015  .008
fcpg=  .105  .184  .158  .106  .049  .038  .050  .060  .066  .051  .126
fcpg=  .247  .346  .234  .105  .034  .017  .005  .006  .003  .002  .000
fcpg=  .189  .284  .213  .110  .055  .046  .038  .022  .018  .014  .010
fcpg=  .100  .185  .156  .096  .047  .048  .053  .049  .070  .076  .111
fcpg=  .265  .348  .223  .098  .030  .018  .010  .003  .003  .000  .000
fcpg=  .178  .295  .221  .104  .047  .042  .052  .020  .018  .013  .010
fcpg=  .121  .181  .160  .090  .046  .035  .054  .051  .067  .067  .121
fcpg=  .245  .359  .233  .095  .027  .015  .013  .005  .006  .002  .000
fcpg=  .183  .312  .219  .101  .046  .039  .042  .022  .011  .006  .021
fcpg=  .108  .200  .149  .077  .042  .049  .058  .057  .064  .048  .139
fcpg=  .242  .341  .233  .100  .040  .018  .011  .010  .004  .002  .000
fcpg=  .187  .297  .221  .109  .042  .047  .038  .026  .009  .011  .012
fcpg=  .122  .183  .153  .084  .039  .050  .059  .062  .058  .057  .123
fcpg=  .263  .338  .232  .093  .032  .016  .011  .009  .006  .000  .000
fcpg=  .200  .309  .224  .107  .042  .041  .033  .009  .006  .010  .018
fcpg=  .117  .168  .160  .081  .041  .053  .070  .073  .060  .050  .119
fcpg=  .259  .346  .220  .097  .029  .013  .013  .011  .011  .001  .000
fcpg=  .216  .296  .229  .100  .049  .039  .034  .013  .009  .008  .008
fcpg=  .129  .187  .140  .074  .036  .035  .063  .102  .079  .055  .092
fcpg=  .269  .340  .221  .096  .032  .015  .016  .007  .003  .001  .000
fcpg=  .221  .320  .203  .098  .049  .036  .029  .015  .007  .008  .013
fcpg=  .106  .173  .144  .085  .051  .053  .070  .078  .069  .063  .100
fcpg=  .269  .363  .225  .081  .022  .011  .010  .014  .004  .002  .000
fcpg=  .217  .318  .219  .099  .045  .036  .027  .018  .011  .007  .003
fcpg=  .116  .191  .157  .078  .045  .053  .064  .079  .081  .059  .069
fcpg=  .273  .354  .215  .086  .033  .013  .012  .008  .004  .002  .000
fcpg=  .219  .318  .219  .103  .042  .031  .022  .017  .009  .009  .012
fcpg=  .111  .178  .148  .091  .057  .051  .061  .060  .068  .079  .087
fcpg=  .293  .356  .198  .079  .031  .017  .016  .008  .002  .001  .000
fcpg=  .213  .291  .216  .111  .052  .042  .034  .025  .008  .003  .005
fcpg=  .127  .180  .147  .085  .050  .053  .064  .070  .056  .062  .098
fcpg=  .290  .350  .212  .077  .028  .019  .012  .007  .004  .003  .000
fcpg=  .191  .305  .229  .117  .056  .038  .027  .009  .009  .009  .008
fcpg=  .112  .177  .149  .102  .056  .051  .053  .053  .069  .065  .104
