fcpg=  .030  .055  .095  .117  .164  .146  .112  .082  .058  .040  .101
fcpg=  .085  .130  .172  .143  .121  .082  .063  .041  .043  .034  .087
fcpg=  .083  .169  .199  .184  .139  .086  .044  .028  .017  .009  .034
fcpg=  .021  .056  .103  .130  .142  .158  .136  .076  .062  .044  .071
fcpg=  .092  .176  .186  .144  .101  .081  .063  .037  .026  .029  .065
fcpg=  .059  .115  .175  .177  .157  .117  .074  .034  .022  .025  .036
fcpg=  .025  .071  .125  .146  .150  .142  .112  .064  .050  .038  .076
fcpg=  .105  .167  .182  .146  .105  .092  .053  .039  .029  .030  .052
fcpg=  .054  .115  .162  .156  .134  .112  .067  .036  .025  .032  .099
fcpg=  .029  .084  .132  .136  .142  .118  .111  .081  .055  .044  .069
fcpg=  .117  .176  .177  .148  .096  .073  .065  .052  .034  .031  .029
fcpg=  .047  .102  .136  .139  .101  .117  .081  .057  .038  .035  .137
fcpg=  .041  .100  .139  .139  .131  .119  .111  .073  .041  .043  .062
fcpg=  .134  .199  .176  .138  .108  .060  .050  .053  .030  .026  .025
fcpg=  .059  .129  .142  .132  .098  .076  .064  .062  .048  .050  .133
fcpg=  .048  .106  .141  .148  .131  .125  .092  .056  .047  .042  .066
fcpg=  .130  .198  .190  .139  .095  .065  .059  .053  .032  .026  .014
fcpg=  .044  .095  .107  .096  .093  .083  .074  .058  .049  .069  .223
fcpg=  .055  .108  .155  .168  .139  .109  .072  .046  .041  .039  .068
fcpg=  .137  .207  .210  .153  .083  .058  .052  .037  .032  .019  .013
fcpg=  .044  .087  .129  .115  .087  .072  .056  .054  .058  .074  .217
fcpg=  .059  .136  .175  .163  .126  .097  .056  .044  .024  .034  .085
fcpg=  .145  .218  .207  .155  .092  .062  .045  .032  .019  .012  .012
fcpg=  .041  .088  .111  .117  .094  .073  .061  .049  .040  .061  .257
fcpg=  .063  .141  .191  .158  .118  .076  .062  .046  .032  .028  .085
fcpg=  .147  .252  .237  .146  .079  .045  .026  .029  .018  .011  .010
fcpg=  .050  .116  .124  .102  .078  .064  .057  .057  .047  .062  .234
fcpg=  .075  .143  .191  .152  .113  .075  .058  .048  .035  .028  .083
fcpg=  .154  .256  .237  .144  .069  .038  .030  .021  .018  .011  .021
fcpg=  .042  .111  .134  .097  .070  .056  .049  .051  .062  .049  .270
fcpg=  .084  .172  .189  .156  .104  .070  .053  .041  .031  .031  .068
fcpg=  .154  .256  .240  .139  .078  .045  .037  .017  .012  .014  .010
fcpg=  .059  .124  .118  .104  .072  .058  .059  .043  .061  .076  .218
fcpg=  .088  .173  .213  .169  .097  .070  .050  .037  .023  .018  .064
fcpg=  .157  .267  .224  .144  .071  .036  .036  .029  .015  .015  .008
fcpg=  .055  .135  .151  .106  .064  .055  .045  .042  .054  .065  .221
fcpg=  .093  .182  .201  .159  .108  .073  .046  .037  .027  .018  .057
fcpg=  .159  .256  .252  .148  .076  .035  .029  .023  .010  .007  .007
fcpg=  .065  .130  .163  .106  .075  .060  .052  .054  .054  .059  .172
fcpg=  .109  .214  .201  .163  .092  .057  .042  .031  .022  .016  .053
fcpg=  .162  .276  .241  .136  .065  .038  .024  .021  .021  .012  .005
fcpg=  .079  .153  .147  .105  .064  .047  .042  .038  .048  .083  .186
fcpg=  .145  .230  .200  .129  .077  .055  .041  .033  .025  .026  .039
fcpg=  .175  .314  .242  .122  .051  .027  .025  .015  .018  .008  .004
fcpg=  .076  .172  .150  .100  .056  .042  .054  .057  .062  .076  .146
fcpg=  .144  .239  .207  .125  .081  .044  .035  .034  .024  .024  .042
fcpg=  .198  .290  .229  .123  .048  .033  .029  .023  .019  .009  .000
fcpg=  .084  .150  .140  .104  .058  .048  .048  .057  .067  .087  .149
fcpg=  .134  .236  .213  .130  .075  .050  .037  .033  .031  .026  .035
fcpg=  .205  .295  .234  .112  .046  .034  .029  .021  .013  .007  .003
fcpg=  .081  .144  .141  .100  .064  .053  .051  .059  .066  .084  .148
fcpg=  .160  .238  .200  .132  .074  .040  .035  .030  .033  .027  .030
fcpg=  .194  .283  .236  .112  .058  .031  .036  .020  .016  .008  .005
fcpg=  .070  .134  .153  .102  .067  .049  .056  .067  .070  .090  .135
fcpg=  .164  .267  .198  .121  .054  .035  .037  .036  .037  .020  .031
fcpg=  .206  .293  .235  .127  .050  .032  .037  .013  .002  .002  .003
fcpg=  .079  .165  .160  .108  .058  .050  .061  .058  .070  .065  .116
fcpg=  .163  .272  .220  .118  .057  .039  .030  .026  .030  .021  .024
fcpg=  .215  .291  .231  .111  .048  .037  .031  .016  .011  .006  .003
fcpg=  .089  .160  .169  .102  .055  .049  .065  .059  .053  .080  .111
fcpg=  .164  .267  .204  .131  .059  .037  .030  .031  .029  .022  .025
fcpg=  .221  .315  .226  .116  .045  .030  .028  .011  .004  .003  .000
fcpg=  .090  .175  .163  .102  .067  .055  .061  .051  .055  .076  .097
fcpg=  .186  .275  .193  .115  .061  .030  .029  .028  .031  .021  .031
fcpg=  .255  .293  .209  .102  .048  .028  .028  .020  .013  .004  .001
fcpg=  .128  .167  .145  .085  .054  .043  .057  .055  .067  .065  .126
fcpg=  .185  .269  .204  .111  .053  .041  .032  .030  .025  .022  .029
fcpg=  .260  .319  .208  .099  .039  .023  .022  .014  .013  .003  .000
fcpg=  .139  .191  .138  .074  .038  .043  .049  .056  .064  .073  .127
fcpg=  .196  .260  .197  .122  .052  .040  .031  .027  .023  .017  .034
fcpg=  .226  .315  .219  .117  .041  .026  .015  .015  .009  .009  .008
fcpg=  .113  .164  .133  .088  .043  .051  .061  .056  .065  .065  .152
fcpg=  .186  .265  .208  .114  .056  .040  .035  .028  .022  .022  .024
fcpg=  .231  .331  .228  .101  .033  .023  .015  .009  .011  .009  .009
fcpg=  .101  .182  .148  .084  .040  .044  .055  .048  .060  .087  .143
fcpg=  .191  .262  .213  .121  .051  .032  .035  .029  .021  .013  .032
fcpg=  .234  .330  .222  .098  .034  .019  .019  .015  .010  .010  .010
fcpg=  .110  .175  .141  .077  .038  .039  .053  .059  .080  .063  .157
fcpg=  .187  .282  .217  .112  .042  .027  .039  .034  .017  .020  .022
fcpg=  .260  .340  .211  .093  .040  .017  .019  .007  .006  .003  .004
fcpg=  .115  .186  .144  .076  .041  .042  .056  .057  .057  .073  .145
fcpg=  .192  .286  .215  .114  .044  .033  .034  .027  .016  .013  .027
fcpg=  .251  .327  .226  .089  .036  .019  .018  .014  .007  .008  .005
fcpg=  .141  .169  .121  .080  .050  .046  .066  .060  .051  .059  .148
fcpg=  .196  .285  .226  .103  .047  .032  .037  .027  .018  .011  .018
fcpg=  .268  .318  .216  .103  .031  .025  .022  .008  .005  .003  .001
fcpg=  .125  .172  .137  .087  .054  .048  .059  .050  .063  .085  .112
fcpg=  .182  .278  .232  .117  .052  .033  .030  .030  .014  .015  .018
fcpg=  .264  .346  .210  .088  .029  .018  .017  .012  .007  .007  .001
fcpg=  .115  .161  .153  .097  .055  .055  .068  .058  .060  .067  .104
fcpg=  .175  .284  .233  .131  .054  .026  .024  .021  .013  .023  .017
fcpg=  .266  .358  .205  .084  .031  .019  .013  .008  .007  .008  .000
fcpg=  .118  .199  .151  .083  .044  .043  .043  .049  .065  .106  .090
fcpg=  .186  .271  .228  .135  .060  .027  .024  .017  .012  .022  .018
fcpg=  .270  .342  .203  .095  .028  .018  .019  .006  .008  .011  .001
fcpg=  .136  .183  .145  .081  .037  .045  .050  .048  .064  .086  .116
