fcpg=  .019  .046  .076  .096  .119  .156  .135  .090  .067  .056  .140
fcpg=  .075  .105  .159  .124  .112  .090  .080  .060  .048  .058  .087
fcpg=  .039  .121  .180  .159  .123  .101  .068  .051  .040  .047  .064
fcpg=  .036  .050  .078  .099  .125  .139  .127  .095  .063  .055  .134
fcpg=  .068  .143  .171  .151  .120  .091  .066  .048  .042  .045  .053
fcpg=  .051  .118  .167  .161  .133  .117  .067  .046  .031  .048  .052
fcpg=  .026  .062  .103  .120  .135  .125  .105  .079  .068  .045  .132
fcpg=  .079  .145  .170  .164  .114  .085  .065  .049  .056  .044  .029
fcpg=  .039  .105  .147  .159  .134  .092  .060  .047  .044  .052  .113
fcpg=  .019  .048  .074  .111  .137  .144  .128  .083  .061  .043  .152
fcpg=  .094  .164  .183  .154  .103  .082  .060  .048  .035  .031  .044
fcpg=  .020  .058  .100  .127  .112  .106  .081  .054  .046  .056  .232
fcpg=  .020  .063  .122  .148  .138  .133  .104  .059  .054  .040  .118
fcpg=  .103  .208  .200  .151  .085  .059  .057  .038  .028  .033  .039
fcpg=  .032  .105  .142  .141  .083  .062  .054  .041  .041  .083  .208
fcpg=  .021  .065  .119  .152  .154  .124  .099  .060  .052  .046  .109
fcpg=  .108  .192  .192  .146  .094  .062  .057  .044  .034  .030  .041
fcpg=  .023  .080  .110  .127  .091  .065  .054  .054  .042  .065  .280
fcpg=  .032  .086  .148  .164  .135  .121  .077  .055  .040  .029  .111
fcpg=  .110  .200  .212  .135  .085  .054  .055  .049  .046  .019  .033
fcpg=  .031  .076  .131  .119  .077  .066  .053  .054  .069  .035  .279
fcpg=  .043  .101  .150  .158  .139  .107  .085  .046  .044  .044  .083
fcpg=  .106  .215  .208  .134  .076  .052  .068  .052  .033  .027  .028
fcpg=  .024  .080  .099  .103  .076  .065  .066  .059  .056  .079  .285
fcpg=  .050  .119  .149  .173  .137  .097  .075  .057  .044  .036  .064
fcpg=  .105  .217  .206  .139  .071  .058  .068  .043  .027  .027  .039
fcpg=  .023  .064  .088  .102  .087  .068  .086  .065  .070  .094  .245
fcpg=  .050  .134  .173  .154  .113  .098  .079  .060  .043  .041  .055
fcpg=  .114  .223  .205  .134  .078  .065  .054  .039  .029  .029  .028
fcpg=  .025  .070  .111  .109  .072  .067  .047  .058  .051  .094  .289
fcpg=  .070  .157  .176  .152  .102  .075  .061  .062  .050  .047  .048
fcpg=  .105  .218  .204  .127  .077  .071  .061  .046  .028  .022  .042
fcpg=  .045  .086  .105  .090  .054  .061  .059  .059  .059  .099  .275
fcpg=  .080  .170  .181  .150  .107  .076  .059  .053  .034  .047  .044
fcpg=  .130  .224  .200  .119  .073  .068  .064  .039  .034  .020  .030
fcpg=  .047  .110  .100  .078  .061  .051  .051  .045  .066  .116  .267
fcpg=  .092  .184  .203  .150  .100  .066  .049  .043  .035  .035  .044
fcpg=  .132  .245  .214  .139  .063  .049  .053  .044  .021  .023  .017
fcpg=  .054  .114  .119  .088  .064  .057  .061  .066  .053  .103  .213
fcpg=  .098  .202  .210  .163  .093  .061  .047  .035  .043  .030  .019
fcpg=  .160  .275  .218  .127  .059  .042  .042  .026  .013  .013  .024
fcpg=  .068  .110  .131  .104  .065  .049  .058  .054  .054  .104  .195
fcpg=  .098  .201  .224  .164  .102  .064  .049  .042  .030  .023  .003
fcpg=  .166  .279  .223  .126  .056  .049  .036  .019  .013  .013  .019
fcpg=  .057  .120  .131  .105  .067  .068  .076  .057  .060  .122  .129
fcpg=  .107  .217  .234  .144  .096  .063  .054  .037  .027  .016  .006
fcpg=  .184  .286  .209  .111  .060  .045  .037  .025  .011  .012  .021
fcpg=  .052  .114  .102  .088  .064  .066  .084  .095  .115  .119  .093
fcpg=  .135  .228  .236  .149  .075  .052  .044  .033  .021  .018  .008
fcpg=  .180  .281  .207  .106  .059  .047  .045  .027  .016  .013  .019
fcpg=  .051  .121  .131  .082  .064  .068  .081  .059  .071  .113  .152
fcpg=  .148  .247  .229  .134  .065  .045  .045  .034  .022  .018  .013
fcpg=  .173  .281  .228  .119  .053  .052  .031  .022  .011  .009  .021
fcpg=  .060  .123  .129  .086  .054  .059  .061  .085  .083  .106  .149
fcpg=  .167  .247  .232  .145  .058  .044  .030  .035  .020  .016  .007
fcpg=  .185  .277  .200  .132  .059  .055  .034  .018  .013  .009  .017
fcpg=  .082  .136  .125  .085  .060  .051  .064  .078  .073  .105  .132
fcpg=  .174  .280  .237  .129  .057  .042  .032  .020  .009  .014  .005
fcpg=  .180  .289  .239  .118  .060  .040  .028  .013  .005  .010  .018
fcpg=  .073  .138  .137  .086  .055  .062  .066  .064  .085  .112  .114
fcpg=  .188  .299  .227  .116  .053  .031  .032  .027  .019  .005  .002
fcpg=  .197  .277  .222  .129  .055  .052  .027  .018  .009  .008  .005
fcpg=  .096  .155  .132  .094  .053  .059  .075  .066  .065  .082  .114
fcpg=  .206  .294  .227  .122  .054  .030  .025  .021  .008  .011  .002
fcpg=  .191  .274  .228  .138  .062  .042  .028  .014  .006  .011  .005
fcpg=  .090  .136  .134  .095  .055  .056  .076  .073  .055  .094  .129
fcpg=  .201  .303  .241  .099  .052  .032  .028  .022  .013  .009  .000
fcpg=  .183  .276  .232  .120  .069  .046  .040  .019  .007  .005  .004
fcpg=  .097  .156  .143  .081  .060  .048  .068  .050  .065  .090  .135
fcpg=  .217  .293  .217  .115  .049  .035  .023  .017  .014  .014  .005
fcpg=  .200  .288  .231  .115  .057  .038  .035  .015  .007  .005  .008
fcpg=  .107  .153  .127  .077  .047  .061  .067  .058  .062  .059  .174
fcpg=  .222  .307  .202  .116  .047  .026  .031  .018  .013  .011  .005
fcpg=  .212  .295  .226  .111  .050  .040  .026  .016  .013  .006  .005
fcpg=  .130  .182  .130  .074  .045  .047  .050  .042  .054  .059  .179
fcpg=  .223  .305  .217  .111  .050  .027  .024  .018  .011  .007  .009
fcpg=  .193  .317  .245  .102  .049  .028  .025  .011  .008  .011  .011
fcpg=  .127  .178  .146  .080  .045  .039  .049  .046  .053  .059  .170
fcpg=  .207  .312  .231  .103  .054  .034  .024  .016  .009  .005  .006
fcpg=  .196  .319  .243  .103  .043  .035  .024  .013  .012  .008  .004
fcpg=  .119  .186  .151  .085  .055  .044  .037  .040  .052  .061  .162
fcpg=  .212  .327  .223  .107  .048  .027  .023  .011  .007  .007  .008
fcpg=  .206  .320  .231  .104  .044  .030  .021  .012  .012  .008  .011
fcpg=  .125  .193  .152  .072  .041  .038  .041  .038  .054  .084  .155
fcpg=  .215  .326  .225  .101  .048  .032  .030  .009  .009  .005  .002
fcpg=  .208  .316  .209  .109  .050  .038  .037  .009  .013  .008  .002
fcpg=  .112  .186  .139  .088  .044  .039  .052  .040  .074  .077  .142
fcpg=  .222  .333  .207  .106  .050  .028  .024  .014  .008  .005  .003
fcpg=  .208  .316  .232  .101  .034  .033  .025  .022  .008  .008  .011
fcpg=  .102  .180  .150  .085  .044  .039  .050  .054  .046  .066  .176
fcpg=  .234  .322  .208  .105  .052  .024  .019  .022  .005  .006  .002
fcpg=  .199  .299  .230  .098  .044  .041  .044  .022  .012  .009  .000
fcpg=  .096  .156  .146  .092  .054  .052  .052  .059  .059  .088  .138
fcpg=  .234  .316  .222  .108  .041  .021  .018  .017  .008  .011  .003
fcpg=  .208  .301  .220  .107  .044  .033  .034  .022  .014  .009  .007
fcpg=  .088  .151  .144  .086  .052  .044  .051  .049  .049  .094  .184
