fcpg=  .017  .050  .094  .107  .113  .152  .105  .080  .060  .053  .171
fcpg=  .093  .109  .121  .109  .107  .110  .092  .052  .053  .042  .112
fcpg=  .073  .112  .137  .108  .078  .083  .074  .064  .070  .079  .114
fcpg=  .033  .060  .082  .107  .119  .147  .115  .075  .064  .045  .153
fcpg=  .097  .125  .137  .110  .100  .102  .085  .057  .040  .051  .097
fcpg=  .044  .091  .119  .122  .111  .111  .079  .047  .049  .054  .166
fcpg=  .036  .072  .093  .104  .125  .146  .111  .091  .052  .044  .125
fcpg=  .108  .147  .169  .130  .100  .081  .061  .036  .039  .049  .078
fcpg=  .056  .096  .130  .122  .108  .094  .085  .058  .045  .076  .120
fcpg=  .035  .077  .095  .109  .117  .150  .124  .078  .055  .042  .118
fcpg=  .100  .163  .166  .140  .095  .083  .068  .046  .042  .036  .061
fcpg=  .036  .081  .130  .144  .125  .113  .073  .053  .065  .045  .125
fcpg=  .044  .086  .120  .126  .126  .123  .102  .064  .051  .039  .118
fcpg=  .121  .184  .178  .139  .091  .071  .062  .044  .041  .042  .028
fcpg=  .057  .139  .170  .156  .117  .073  .049  .032  .032  .056  .110
fcpg=  .038  .083  .118  .137  .141  .118  .112  .069  .045  .032  .107
fcpg=  .111  .204  .191  .136  .091  .069  .051  .046  .030  .046  .026
fcpg=  .047  .119  .160  .130  .102  .069  .057  .034  .035  .048  .191
fcpg=  .037  .098  .126  .133  .135  .123  .100  .063  .052  .042  .091
fcpg=  .110  .191  .182  .133  .083  .068  .067  .056  .042  .031  .036
fcpg=  .032  .090  .126  .107  .086  .069  .066  .064  .063  .085  .204
fcpg=  .040  .090  .125  .164  .131  .108  .106  .058  .033  .034  .110
fcpg=  .106  .198  .177  .125  .080  .075  .068  .053  .044  .028  .046
fcpg=  .025  .072  .101  .108  .085  .071  .058  .043  .041  .054  .336
fcpg=  .047  .122  .152  .159  .130  .105  .076  .050  .039  .033  .086
fcpg=  .102  .174  .179  .125  .095  .079  .059  .044  .043  .036  .064
fcpg=  .012  .055  .079  .107  .084  .078  .058  .053  .052  .067  .346
fcpg=  .059  .134  .164  .150  .122  .080  .077  .050  .044  .042  .077
fcpg=  .111  .196  .186  .135  .071  .071  .058  .043  .046  .025  .058
fcpg=  .015  .051  .085  .096  .076  .067  .059  .042  .049  .066  .386
fcpg=  .072  .151  .186  .162  .117  .072  .052  .055  .030  .039  .063
fcpg=  .124  .205  .198  .125  .071  .051  .048  .043  .033  .044  .058
fcpg=  .021  .061  .105  .085  .071  .052  .049  .040  .048  .100  .359
fcpg=  .087  .187  .190  .158  .100  .056  .054  .050  .035  .047  .035
fcpg=  .134  .226  .185  .107  .062  .052  .052  .048  .045  .032  .057
fcpg=  .020  .061  .082  .080  .058  .049  .046  .059  .064  .113  .360
fcpg=  .098  .196  .214  .157  .093  .063  .047  .031  .030  .038  .033
fcpg=  .143  .230  .196  .115  .060  .052  .054  .042  .039  .024  .046
fcpg=  .022  .052  .086  .087  .065  .052  .052  .065  .076  .114  .320
fcpg=  .099  .196  .223  .161  .103  .054  .038  .032  .025  .039  .029
fcpg=  .152  .211  .197  .097  .056  .064  .062  .049  .040  .022  .051
fcpg=  .021  .054  .073  .074  .054  .051  .058  .073  .091  .120  .323
fcpg=  .111  .226  .219  .149  .098  .045  .033  .036  .024  .031  .028
fcpg=  .135  .221  .182  .099  .060  .054  .073  .056  .047  .024  .052
fcpg=  .026  .064  .092  .070  .064  .059  .067  .082  .083  .097  .287
fcpg=  .122  .214  .224  .141  .092  .054  .047  .033  .022  .019  .031
fcpg=  .140  .227  .174  .098  .058  .056  .083  .060  .038  .023  .041
fcpg=  .034  .080  .101  .063  .050  .059  .079  .091  .075  .082  .276
fcpg=  .137  .238  .209  .152  .086  .059  .033  .028  .013  .012  .033
fcpg=  .144  .228  .189  .093  .053  .048  .063  .068  .049  .033  .033
fcpg=  .054  .105  .112  .078  .053  .050  .052  .082  .069  .097  .239
fcpg=  .139  .255  .231  .140  .070  .052  .046  .020  .013  .011  .024
fcpg=  .151  .254  .184  .102  .051  .040  .051  .062  .043  .024  .037
fcpg=  .055  .121  .107  .072  .052  .047  .065  .094  .064  .100  .214
fcpg=  .162  .288  .224  .113  .060  .054  .045  .019  .012  .006  .016
fcpg=  .159  .238  .188  .112  .063  .050  .052  .051  .036  .024  .027
fcpg=  .047  .115  .120  .088  .060  .054  .067  .074  .086  .097  .183
fcpg=  .172  .286  .229  .123  .055  .047  .037  .026  .011  .009  .005
fcpg=  .157  .241  .183  .102  .071  .055  .062  .053  .026  .021  .030
fcpg=  .047  .099  .104  .073  .054  .069  .084  .088  .104  .124  .147
fcpg=  .187  .271  .218  .116  .067  .045  .036  .027  .019  .010  .003
fcpg=  .148  .235  .181  .096  .067  .060  .080  .073  .027  .021  .013
fcpg=  .064  .102  .093  .058  .047  .046  .075  .104  .106  .142  .155
fcpg=  .186  .291  .230  .109  .052  .045  .022  .030  .015  .011  .010
fcpg=  .172  .237  .164  .090  .052  .066  .084  .062  .031  .026  .016
fcpg=  .063  .098  .092  .064  .038  .049  .062  .101  .087  .159  .179
fcpg=  .190  .289  .232  .118  .053  .032  .026  .024  .012  .017  .009
fcpg=  .178  .223  .175  .076  .053  .067  .088  .062  .044  .024  .010
fcpg=  .073  .106  .100  .065  .042  .049  .078  .084  .104  .105  .187
fcpg=  .184  .308  .222  .121  .054  .032  .022  .014  .015  .010  .019
fcpg=  .181  .239  .180  .088  .064  .063  .059  .058  .031  .026  .009
fcpg=  .061  .113  .107  .066  .050  .043  .075  .067  .097  .113  .199
fcpg=  .205  .307  .231  .113  .045  .029  .019  .012  .015  .011  .012
fcpg=  .170  .270  .183  .086  .051  .061  .066  .059  .030  .021  .004
fcpg=  .064  .123  .121  .063  .043  .057  .078  .077  .084  .100  .181
fcpg=  .216  .308  .226  .109  .040  .034  .019  .011  .015  .012  .010
fcpg=  .191  .269  .183  .087  .054  .061  .060  .044  .022  .020  .010
fcpg=  .064  .114  .109  .071  .040  .067  .068  .065  .081  .108  .204
fcpg=  .243  .307  .208  .091  .050  .029  .021  .016  .010  .013  .012
fcpg=  .198  .269  .186  .088  .051  .052  .056  .055  .020  .017  .007
fcpg=  .062  .116  .111  .074  .056  .058  .078  .070  .052  .088  .226
fcpg=  .247  .325  .212  .089  .039  .019  .018  .016  .013  .012  .010
fcpg=  .196  .283  .192  .093  .051  .054  .048  .031  .022  .014  .016
fcpg=  .072  .125  .118  .070  .043  .053  .061  .068  .063  .100  .219
fcpg=  .248  .313  .213  .093  .042  .018  .017  .018  .015  .011  .012
fcpg=  .193  .276  .186  .095  .051  .059  .067  .030  .019  .013  .012
fcpg=  .067  .125  .119  .071  .050  .053  .059  .058  .069  .091  .230
fcpg=  .238  .318  .219  .096  .043  .020  .016  .015  .015  .013  .008
fcpg=  .202  .292  .190  .098  .048  .050  .053  .021  .013  .011  .024
fcpg=  .072  .128  .130  .078  .052  .039  .045  .053  .068  .105  .221
fcpg=  .235  .341  .206  .087  .043  .020  .022  .010  .016  .010  .009
fcpg=  .197  .297  .197  .088  .045  .050  .051  .031  .013  .008  .022
fcpg=  .088  .139  .112  .060  .045  .050  .058  .058  .066  .101  .212
fcpg=  .239  .337  .216  .092  .037  .018  .016  .016  .010  .011  .008
fcpg=  .211  .296  .186  .099  .047  .055  .037  .023  .009  .009  .028
fcpg=  .086  .141  .117  .062  .046  .043  .050  .054  .059  .093  .240
