fcpg=  .028  .057  .114  .124  .152  .158  .113  .073  .053  .034  .093
fcpg=  .080  .121  .181  .145  .119  .094  .059  .048  .037  .033  .083
fcpg=  .088  .171  .220  .185  .138  .075  .034  .025  .016  .011  .028
fcpg=  .021  .047  .103  .125  .148  .168  .135  .077  .049  .034  .093
fcpg=  .077  .133  .162  .173  .123  .100  .063  .043  .035  .033  .060
fcpg=  .032  .089  .155  .178  .166  .142  .086  .049  .021  .021  .053
fcpg=  .030  .076  .110  .130  .145  .143  .125  .071  .055  .036  .078
fcpg=  .113  .163  .182  .167  .101  .071  .046  .042  .034  .036  .044
fcpg=  .050  .116  .165  .176  .141  .105  .073  .048  .033  .044  .043
fcpg=  .024  .082  .122  .146  .147  .138  .107  .072  .059  .048  .056
fcpg=  .104  .182  .195  .149  .103  .066  .059  .045  .034  .035  .028
fcpg=  .029  .093  .145  .161  .152  .114  .087  .059  .051  .050  .053
fcpg=  .027  .077  .138  .153  .157  .140  .114  .070  .040  .035  .048
fcpg=  .110  .203  .201  .156  .105  .063  .050  .034  .024  .025  .028
fcpg=  .036  .106  .158  .171  .130  .093  .082  .049  .036  .046  .086
fcpg=  .031  .090  .153  .170  .153  .134  .095  .059  .035  .035  .045
fcpg=  .102  .188  .229  .166  .094  .068  .054  .032  .020  .027  .020
fcpg=  .038  .093  .160  .147  .120  .094  .072  .049  .040  .053  .127
fcpg=  .050  .121  .165  .164  .134  .112  .103  .057  .036  .033  .025
fcpg=  .102  .224  .222  .157  .091  .062  .040  .031  .030  .027  .014
fcpg=  .037  .091  .143  .114  .096  .092  .083  .066  .072  .070  .128
fcpg=  .058  .143  .179  .170  .127  .106  .076  .055  .028  .022  .037
fcpg=  .107  .235  .231  .153  .087  .056  .050  .031  .020  .021  .009
fcpg=  .035  .091  .125  .120  .088  .078  .077  .067  .088  .072  .151
fcpg=  .091  .162  .199  .166  .117  .084  .073  .041  .019  .018  .030
fcpg=  .122  .233  .230  .163  .091  .048  .039  .031  .016  .017  .011
fcpg=  .042  .100  .133  .132  .093  .072  .073  .060  .057  .071  .160
fcpg=  .105  .175  .213  .143  .106  .075  .064  .043  .020  .013  .042
fcpg=  .118  .242  .240  .163  .088  .055  .038  .023  .018  .009  .006
fcpg=  .034  .101  .141  .122  .096  .076  .058  .040  .045  .046  .233
fcpg=  .112  .197  .206  .142  .105  .078  .053  .034  .026  .009  .039
fcpg=  .130  .245  .247  .175  .089  .052  .027  .014  .013  .005  .004
fcpg=  .039  .107  .148  .126  .095  .071  .052  .051  .051  .065  .186
fcpg=  .139  .210  .221  .137  .088  .057  .048  .032  .017  .009  .041
fcpg=  .145  .240  .240  .171  .091  .044  .027  .016  .011  .008  .008
fcpg=  .049  .108  .130  .124  .087  .062  .052  .048  .055  .063  .214
fcpg=  .129  .223  .221  .142  .093  .055  .035  .024  .017  .014  .047
fcpg=  .152  .272  .237  .152  .077  .046  .022  .015  .016  .006  .005
fcpg=  .051  .123  .145  .121  .081  .058  .053  .047  .046  .065  .202
fcpg=  .138  .252  .215  .141  .088  .050  .030  .020  .014  .013  .039
fcpg=  .170  .285  .229  .129  .065  .040  .028  .018  .011  .019  .006
fcpg=  .051  .119  .146  .117  .083  .060  .046  .041  .036  .075  .218
fcpg=  .155  .256  .222  .140  .076  .041  .023  .024  .014  .017  .032
fcpg=  .201  .281  .226  .139  .068  .033  .018  .008  .009  .010  .008
fcpg=  .065  .120  .166  .124  .075  .050  .038  .044  .060  .087  .163
fcpg=  .165  .267  .221  .139  .074  .035  .014  .021  .014  .015  .035
fcpg=  .196  .309  .234  .117  .050  .028  .017  .016  .014  .013  .005
fcpg=  .066  .143  .151  .112  .064  .045  .030  .048  .061  .091  .180
fcpg=  .179  .267  .239  .127  .065  .033  .021  .022  .011  .014  .022
fcpg=  .200  .322  .237  .130  .052  .019  .014  .006  .004  .008  .008
fcpg=  .076  .166  .174  .119  .063  .044  .045  .057  .054  .059  .135
fcpg=  .193  .283  .224  .129  .061  .029  .017  .017  .011  .009  .026
fcpg=  .214  .321  .232  .115  .047  .018  .016  .011  .011  .009  .007
fcpg=  .083  .157  .164  .109  .056  .039  .046  .050  .048  .076  .164
fcpg=  .201  .289  .225  .113  .052  .029  .020  .014  .021  .013  .024
fcpg=  .204  .323  .248  .126  .039  .015  .018  .011  .008  .008  .002
fcpg=  .086  .157  .156  .122  .062  .041  .050  .051  .055  .070  .142
fcpg=  .220  .279  .217  .114  .063  .023  .015  .019  .021  .011  .018
fcpg=  .193  .321  .244  .119  .045  .023  .015  .018  .013  .009  .001
fcpg=  .095  .158  .152  .105  .058  .057  .040  .056  .070  .106  .095
fcpg=  .210  .279  .217  .120  .058  .029  .019  .021  .013  .014  .020
fcpg=  .222  .319  .235  .115  .051  .023  .017  .012  .005  .001  .000
fcpg=  .102  .175  .162  .104  .066  .052  .047  .055  .056  .080  .093
fcpg=  .210  .293  .228  .108  .044  .034  .017  .017  .014  .016  .019
fcpg=  .214  .322  .248  .121  .038  .019  .013  .009  .009  .006  .001
fcpg=  .103  .186  .173  .103  .055  .047  .041  .057  .055  .083  .090
fcpg=  .208  .295  .214  .110  .055  .031  .025  .018  .015  .015  .015
fcpg=  .207  .327  .255  .122  .042  .017  .016  .012  .002  .000  .000
fcpg=  .108  .190  .176  .110  .060  .046  .052  .050  .049  .054  .097
fcpg=  .199  .308  .213  .118  .056  .025  .023  .015  .012  .011  .020
fcpg=  .218  .328  .238  .114  .039  .021  .017  .012  .011  .002  .000
fcpg=  .116  .182  .155  .110  .059  .040  .046  .055  .063  .089  .077
fcpg=  .208  .304  .220  .112  .053  .026  .020  .017  .012  .020  .009
fcpg=  .217  .336  .239  .112  .041  .019  .014  .016  .006  .001  .000
fcpg=  .120  .200  .174  .101  .048  .033  .046  .065  .059  .066  .081
fcpg=  .212  .319  .202  .112  .046  .028  .027  .019  .011  .011  .013
fcpg=  .246  .316  .221  .104  .039  .023  .020  .017  .016  .001  .000
fcpg=  .094  .177  .150  .100  .048  .042  .055  .063  .088  .094  .080
fcpg=  .213  .316  .208  .096  .044  .028  .029  .026  .013  .012  .015
fcpg=  .233  .324  .244  .101  .036  .020  .022  .011  .008  .002  .000
fcpg=  .116  .187  .161  .089  .044  .038  .050  .055  .070  .103  .079
fcpg=  .229  .303  .201  .106  .045  .028  .022  .024  .010  .010  .023
fcpg=  .235  .331  .222  .100  .037  .013  .023  .017  .013  .006  .003
fcpg=  .127  .180  .152  .079  .041  .041  .049  .057  .067  .082  .116
fcpg=  .224  .307  .220  .104  .039  .019  .021  .022  .009  .008  .027
fcpg=  .235  .351  .230  .090  .031  .013  .020  .016  .007  .003  .003
fcpg=  .108  .205  .156  .092  .048  .037  .055  .043  .041  .059  .147
fcpg=  .216  .314  .215  .112  .041  .022  .012  .018  .014  .010  .026
fcpg=  .240  .337  .231  .089  .030  .017  .013  .017  .009  .008  .009
fcpg=  .119  .192  .165  .090  .050  .041  .056  .043  .052  .038  .146
fcpg=  .201  .325  .230  .109  .034  .020  .022  .015  .009  .008  .025
fcpg=  .250  .345  .218  .092  .033  .027  .013  .008  .005  .007  .003
fcpg=  .111  .210  .162  .091  .046  .045  .044  .047  .051  .062  .122
fcpg=  .231  .311  .232  .097  .041  .015  .015  .018  .012  .008  .022
fcpg=  .253  .346  .205  .088  .037  .021  .016  .008  .006  .012  .008
fcpg=  .118  .202  .165  .084  .055  .047  .041  .050  .047  .061  .122
