fcpg=  .033  .056  .077  .091  .113  .135  .127  .091  .068  .054  .155
fcpg=  .117  .159  .161  .129  .107  .085  .067  .051  .034  .036  .054
fcpg=  .055  .150  .175  .145  .118  .082  .075  .056  .041  .034  .061
fcpg=  .047  .074  .094  .110  .105  .125  .111  .070  .058  .056  .151
fcpg=  .113  .159  .187  .141  .106  .078  .062  .047  .028  .056  .024
fcpg=  .042  .106  .152  .164  .128  .090  .075  .049  .055  .066  .066
fcpg=  .038  .076  .101  .117  .124  .134  .109  .074  .066  .052  .108
fcpg=  .128  .197  .204  .143  .085  .072  .063  .038  .031  .026  .012
fcpg=  .039  .129  .145  .143  .109  .095  .082  .048  .045  .046  .111
fcpg=  .049  .096  .130  .149  .123  .109  .097  .062  .048  .036  .100
fcpg=  .164  .201  .194  .148  .093  .066  .046  .034  .023  .020  .011
fcpg=  .057  .125  .172  .157  .108  .083  .060  .044  .045  .044  .097
fcpg=  .041  .096  .137  .186  .142  .125  .088  .054  .033  .022  .075
fcpg=  .190  .216  .190  .125  .073  .060  .053  .041  .029  .014  .010
fcpg=  .092  .163  .179  .134  .091  .067  .056  .034  .039  .035  .103
fcpg=  .049  .119  .160  .151  .151  .117  .078  .049  .030  .033  .063
fcpg=  .196  .239  .201  .136  .071  .049  .043  .028  .020  .011  .008
fcpg=  .094  .153  .159  .117  .092  .065  .058  .048  .054  .054  .097
fcpg=  .055  .129  .171  .148  .128  .100  .075  .061  .034  .032  .068
fcpg=  .174  .252  .220  .123  .067  .050  .039  .028  .023  .014  .011
fcpg=  .070  .133  .149  .109  .070  .065  .067  .065  .064  .063  .136
fcpg=  .062  .136  .171  .150  .116  .087  .083  .057  .032  .023  .083
fcpg=  .184  .263  .211  .131  .063  .038  .036  .034  .020  .015  .005
fcpg=  .077  .128  .145  .103  .062  .053  .056  .071  .064  .083  .148
fcpg=  .082  .146  .177  .144  .125  .089  .055  .043  .029  .025  .085
fcpg=  .167  .282  .221  .121  .063  .037  .024  .029  .025  .027  .003
fcpg=  .061  .138  .163  .108  .073  .066  .044  .057  .056  .069  .155
fcpg=  .076  .165  .193  .151  .114  .079  .062  .036  .021  .024  .079
fcpg=  .165  .265  .217  .127  .065  .045  .033  .018  .022  .021  .020
fcpg=  .062  .105  .141  .102  .068  .056  .061  .060  .060  .063  .213
fcpg=  .085  .164  .201  .160  .112  .080  .054  .037  .027  .022  .059
fcpg=  .189  .277  .238  .126  .054  .037  .026  .024  .015  .010  .002
fcpg=  .070  .132  .153  .113  .067  .066  .052  .054  .059  .058  .168
fcpg=  .085  .192  .216  .170  .108  .064  .039  .030  .022  .019  .055
fcpg=  .187  .282  .225  .133  .057  .040  .028  .026  .009  .004  .009
fcpg=  .064  .137  .150  .119  .085  .072  .055  .044  .039  .056  .170
fcpg=  .098  .219  .215  .168  .090  .056  .044  .030  .025  .017  .037
fcpg=  .210  .308  .228  .123  .058  .033  .023  .011  .005  .000  .000
fcpg=  .079  .156  .157  .111  .087  .071  .069  .053  .056  .067  .087
fcpg=  .123  .222  .228  .153  .091  .052  .032  .032  .024  .016  .027
fcpg=  .199  .323  .232  .125  .049  .028  .019  .014  .010  .000  .000
fcpg=  .080  .146  .160  .122  .078  .063  .071  .071  .073  .075  .052
fcpg=  .122  .237  .249  .151  .075  .043  .048  .027  .015  .014  .021
fcpg=  .210  .319  .233  .124  .049  .023  .017  .011  .008  .005  .001
fcpg=  .089  .165  .182  .132  .077  .048  .053  .058  .053  .085  .048
fcpg=  .131  .251  .250  .160  .070  .038  .029  .024  .016  .010  .022
fcpg=  .202  .313  .251  .118  .053  .018  .010  .012  .009  .010  .002
fcpg=  .077  .167  .189  .129  .085  .054  .049  .047  .048  .068  .080
fcpg=  .139  .260  .249  .160  .075  .035  .021  .016  .010  .011  .024
fcpg=  .193  .321  .257  .117  .051  .019  .010  .012  .012  .007  .001
fcpg=  .080  .167  .188  .124  .075  .057  .044  .050  .043  .058  .106
fcpg=  .158  .269  .255  .145  .066  .034  .015  .007  .008  .008  .036
fcpg=  .209  .327  .215  .120  .045  .025  .017  .014  .012  .007  .009
fcpg=  .087  .162  .170  .133  .074  .052  .048  .040  .041  .048  .135
fcpg=  .161  .300  .239  .147  .064  .023  .013  .009  .007  .011  .025
fcpg=  .244  .339  .228  .099  .034  .018  .013  .007  .011  .003  .005
fcpg=  .081  .178  .163  .121  .076  .049  .042  .042  .068  .051  .120
fcpg=  .177  .297  .245  .131  .057  .024  .016  .011  .006  .008  .027
fcpg=  .265  .331  .209  .084  .029  .027  .016  .011  .010  .006  .011
fcpg=  .092  .180  .176  .131  .072  .046  .045  .035  .032  .048  .136
fcpg=  .168  .292  .251  .134  .059  .029  .022  .010  .007  .010  .017
fcpg=  .269  .344  .218  .096  .033  .016  .010  .007  .003  .004  .000
fcpg=  .085  .172  .161  .129  .078  .048  .060  .042  .037  .068  .111
fcpg=  .176  .298  .255  .124  .050  .033  .022  .008  .011  .008  .015
fcpg=  .266  .346  .223  .082  .035  .016  .012  .008  .005  .004  .003
fcpg=  .079  .163  .182  .126  .079  .056  .050  .044  .046  .067  .101
fcpg=  .187  .298  .240  .127  .055  .023  .023  .013  .014  .009  .013
fcpg=  .269  .350  .210  .100  .031  .013  .010  .010  .005  .002  .000
fcpg=  .084  .167  .174  .120  .071  .054  .045  .051  .049  .063  .114
fcpg=  .208  .312  .237  .114  .035  .020  .018  .016  .011  .012  .015
fcpg=  .265  .362  .212  .086  .029  .012  .013  .007  .010  .004  .000
fcpg=  .099  .189  .178  .113  .053  .036  .048  .040  .046  .055  .135
fcpg=  .216  .304  .250  .108  .036  .016  .017  .013  .014  .016  .010
fcpg=  .286  .339  .212  .096  .025  .011  .008  .012  .009  .002  .000
fcpg=  .102  .203  .180  .106  .048  .028  .031  .045  .050  .074  .124
fcpg=  .222  .299  .218  .120  .048  .017  .019  .015  .014  .018  .011
fcpg=  .279  .329  .222  .092  .030  .013  .011  .006  .008  .008  .002
fcpg=  .106  .188  .180  .103  .049  .034  .035  .050  .047  .067  .134
fcpg=  .217  .304  .229  .117  .043  .021  .016  .020  .019  .013  .002
fcpg=  .283  .341  .200  .101  .035  .013  .010  .008  .005  .003  .001
fcpg=  .106  .188  .173  .110  .052  .036  .037  .054  .056  .079  .101
fcpg=  .198  .303  .240  .122  .040  .018  .020  .017  .018  .017  .006
fcpg=  .285  .325  .212  .092  .030  .018  .015  .006  .008  .007  .003
fcpg=  .097  .186  .180  .100  .046  .038  .047  .051  .062  .076  .109
fcpg=  .195  .326  .233  .105  .040  .022  .020  .019  .021  .016  .003
fcpg=  .296  .354  .194  .075  .030  .018  .015  .007  .008  .003  .000
fcpg=  .105  .177  .165  .095  .043  .047  .056  .049  .062  .078  .115
fcpg=  .205  .301  .233  .112  .049  .022  .019  .022  .018  .014  .006
fcpg=  .271  .349  .213  .089  .024  .013  .008  .010  .019  .004  .000
fcpg=  .092  .185  .163  .096  .045  .029  .037  .051  .071  .082  .140
fcpg=  .198  .318  .227  .114  .048  .024  .018  .020  .018  .009  .006
fcpg=  .280  .351  .205  .083  .028  .015  .014  .012  .008  .005  .000
fcpg=  .105  .211  .150  .095  .040  .025  .042  .048  .059  .082  .135
fcpg=  .208  .302  .235  .121  .043  .023  .019  .015  .011  .012  .011
fcpg=  .289  .330  .210  .081  .021  .015  .020  .018  .011  .004  .000
fcpg=  .117  .196  .163  .083  .030  .029  .042  .054  .046  .060  .171
