fcpg=  .017  .040  .074  .104  .123  .144  .151  .102  .085  .057  .104
fcpg=  .055  .090  .114  .125  .119  .131  .092  .065  .056  .051  .102
fcpg=  .053  .102  .143  .139  .122  .103  .082  .064  .054  .050  .081
fcpg=  .010  .036  .071  .116  .134  .182  .154  .099  .067  .044  .085
fcpg=  .054  .110  .135  .138  .113  .089  .090  .065  .064  .062  .080
fcpg=  .031  .079  .117  .149  .118  .114  .099  .065  .054  .054  .112
fcpg=  .015  .045  .088  .134  .159  .167  .140  .085  .053  .031  .083
fcpg=  .071  .138  .151  .112  .085  .093  .079  .067  .074  .072  .057
fcpg=  .036  .070  .110  .123  .126  .106  .082  .064  .067  .065  .144
fcpg=  .022  .053  .110  .140  .173  .148  .125  .089  .046  .032  .063
fcpg=  .090  .137  .141  .128  .082  .087  .078  .067  .061  .059  .070
fcpg=  .024  .066  .111  .131  .116  .090  .075  .056  .050  .053  .220
fcpg=  .029  .084  .130  .156  .154  .142  .110  .072  .051  .029  .044
fcpg=  .081  .163  .159  .117  .083  .075  .074  .074  .066  .065  .042
fcpg=  .038  .100  .122  .115  .094  .079  .066  .049  .065  .081  .184
fcpg=  .030  .098  .163  .186  .152  .126  .093  .061  .027  .029  .035
fcpg=  .082  .172  .178  .141  .074  .061  .057  .070  .052  .075  .038
fcpg=  .027  .103  .143  .135  .088  .068  .058  .044  .040  .069  .216
fcpg=  .043  .124  .186  .171  .149  .116  .079  .049  .034  .018  .030
fcpg=  .094  .178  .178  .116  .072  .067  .061  .079  .059  .060  .036
fcpg=  .044  .113  .147  .105  .081  .059  .054  .059  .056  .055  .220
fcpg=  .059  .118  .182  .187  .147  .111  .075  .050  .029  .021  .023
fcpg=  .099  .172  .184  .132  .081  .050  .051  .086  .061  .045  .039
fcpg=  .048  .106  .142  .117  .080  .053  .047  .055  .057  .084  .202
fcpg=  .060  .153  .209  .178  .133  .095  .064  .041  .029  .018  .018
fcpg=  .094  .188  .186  .129  .084  .057  .064  .057  .050  .048  .043
fcpg=  .058  .141  .160  .111  .076  .050  .051  .051  .053  .068  .175
fcpg=  .067  .154  .214  .182  .128  .090  .062  .035  .031  .022  .017
fcpg=  .110  .199  .202  .128  .072  .060  .047  .052  .053  .039  .037
fcpg=  .060  .120  .153  .118  .077  .049  .050  .043  .057  .067  .198
fcpg=  .075  .190  .226  .174  .117  .072  .051  .038  .026  .018  .013
fcpg=  .131  .240  .220  .126  .061  .052  .047  .049  .024  .027  .024
fcpg=  .088  .173  .178  .109  .065  .046  .039  .050  .038  .062  .144
fcpg=  .095  .205  .229  .162  .111  .066  .038  .031  .020  .018  .025
fcpg=  .133  .279  .219  .110  .054  .049  .051  .041  .020  .017  .027
fcpg=  .088  .168  .162  .101  .072  .049  .040  .043  .048  .068  .154
fcpg=  .090  .211  .255  .183  .100  .052  .031  .018  .021  .018  .022
fcpg=  .143  .267  .232  .132  .057  .054  .050  .027  .015  .008  .017
fcpg=  .081  .172  .194  .135  .061  .042  .037  .037  .051  .064  .118
fcpg=  .114  .213  .254  .176  .089  .050  .028  .021  .020  .015  .020
fcpg=  .167  .279  .216  .121  .060  .045  .044  .026  .016  .013  .013
fcpg=  .065  .151  .179  .139  .079  .046  .039  .049  .055  .065  .125
fcpg=  .133  .232  .255  .176  .078  .036  .032  .016  .015  .017  .009
fcpg=  .175  .298  .229  .112  .050  .046  .037  .022  .012  .013  .005
fcpg=  .073  .163  .202  .122  .069  .039  .051  .055  .057  .064  .096
fcpg=  .130  .278  .249  .163  .072  .032  .022  .016  .013  .017  .006
fcpg=  .222  .291  .211  .109  .042  .040  .036  .025  .014  .004  .005
fcpg=  .090  .190  .163  .120  .057  .038  .050  .064  .071  .053  .097
fcpg=  .137  .289  .260  .148  .068  .030  .020  .025  .009  .012  .003
fcpg=  .217  .292  .208  .105  .053  .040  .036  .026  .016  .004  .002
fcpg=  .103  .193  .185  .107  .057  .043  .061  .060  .037  .044  .102
fcpg=  .170  .267  .257  .145  .064  .036  .020  .018  .014  .004  .005
fcpg=  .197  .300  .214  .115  .051  .041  .030  .023  .021  .008  .000
fcpg=  .105  .181  .175  .100  .056  .054  .060  .055  .061  .073  .071
fcpg=  .181  .294  .236  .133  .068  .037  .018  .015  .015  .003  .000
fcpg=  .194  .281  .230  .115  .056  .048  .032  .025  .014  .006  .000
fcpg=  .107  .188  .176  .123  .063  .056  .067  .058  .051  .056  .047
fcpg=  .187  .294  .251  .138  .056  .027  .018  .012  .009  .006  .000
fcpg=  .180  .304  .229  .111  .054  .044  .032  .026  .016  .004  .000
fcpg=  .111  .184  .181  .109  .056  .044  .054  .069  .061  .075  .049
fcpg=  .205  .294  .258  .123  .048  .031  .013  .011  .007  .009  .000
fcpg=  .189  .291  .245  .114  .052  .041  .034  .020  .014  .002  .000
fcpg=  .121  .178  .197  .116  .052  .051  .052  .059  .066  .067  .031
fcpg=  .215  .314  .236  .123  .051  .023  .013  .007  .006  .010  .002
fcpg=  .171  .288  .246  .118  .067  .042  .033  .025  .009  .001  .000
fcpg=  .104  .180  .170  .110  .067  .055  .066  .060  .059  .075  .045
fcpg=  .213  .323  .243  .109  .047  .023  .019  .005  .007  .007  .003
fcpg=  .183  .277  .236  .128  .063  .039  .045  .020  .007  .002  .000
fcpg=  .110  .190  .170  .095  .053  .057  .072  .061  .058  .079  .045
fcpg=  .224  .314  .228  .119  .048  .018  .019  .011  .011  .007  .001
fcpg=  .193  .290  .232  .126  .052  .039  .037  .021  .007  .003  .000
fcpg=  .095  .168  .160  .111  .066  .061  .071  .077  .071  .044  .066
fcpg=  .216  .337  .227  .116  .039  .025  .019  .011  .006  .003  .002
fcpg=  .190  .287  .232  .122  .060  .042  .034  .022  .009  .002  .000
fcpg=  .081  .192  .165  .105  .064  .062  .064  .073  .079  .056  .052
fcpg=  .224  .319  .233  .108  .048  .023  .018  .013  .007  .004  .004
fcpg=  .168  .287  .235  .142  .061  .046  .031  .016  .009  .003  .000
fcpg=  .092  .174  .160  .121  .055  .058  .069  .067  .057  .051  .087
fcpg=  .230  .319  .238  .106  .040  .021  .021  .012  .006  .003  .003
fcpg=  .180  .301  .245  .109  .057  .045  .033  .020  .009  .000  .001
fcpg=  .107  .187  .173  .094  .055  .042  .055  .050  .048  .070  .110
fcpg=  .217  .333  .224  .116  .045  .030  .014  .010  .009  .003  .000
fcpg=  .193  .314  .216  .103  .048  .048  .034  .027  .009  .007  .001
fcpg=  .096  .181  .152  .088  .051  .053  .056  .061  .049  .072  .134
fcpg=  .225  .325  .238  .103  .043  .025  .021  .009  .010  .002  .000
fcpg=  .185  .315  .220  .110  .052  .048  .028  .021  .014  .004  .002
fcpg=  .100  .179  .154  .095  .053  .040  .046  .057  .059  .063  .146
fcpg=  .228  .337  .243  .105  .033  .019  .021  .007  .005  .002  .000
fcpg=  .197  .297  .222  .120  .049  .038  .031  .026  .009  .009  .003
fcpg=  .085  .159  .157  .103  .058  .046  .055  .055  .059  .059  .156
fcpg=  .252  .361  .228  .093  .030  .012  .011  .007  .005  .002  .001
fcpg=  .179  .311  .233  .105  .060  .043  .035  .019  .009  .004  .003
fcpg=  .094  .176  .147  .100  .063  .049  .056  .046  .052  .060  .149
fcpg=  .286  .343  .214  .093  .023  .010  .013  .008  .005  .003  .002
fcpg=  .201  .289  .223  .109  .061  .035  .034  .020  .015  .007  .006
fcpg=  .094  .152  .146  .100  .053  .048  .057  .057  .056  .075  .153
