fcpg=  .029  .061  .104  .115  .143  .149  .115  .072  .065  .057  .090
fcpg=  .099  .139  .128  .113  .109  .095  .095  .052  .038  .049  .084
fcpg=  .086  .151  .168  .142  .109  .075  .062  .047  .034  .034  .084
fcpg=  .029  .073  .123  .126  .133  .148  .119  .079  .057  .035  .079
fcpg=  .095  .152  .161  .118  .103  .090  .082  .054  .043  .035  .068
fcpg=  .041  .109  .157  .151  .108  .088  .072  .049  .044  .047  .124
fcpg=  .029  .066  .114  .144  .155  .147  .110  .081  .045  .036  .073
fcpg=  .105  .139  .166  .144  .097  .083  .075  .061  .042  .043  .044
fcpg=  .059  .095  .134  .124  .091  .083  .072  .065  .054  .073  .142
fcpg=  .041  .071  .122  .142  .141  .140  .115  .070  .050  .045  .065
fcpg=  .095  .165  .185  .147  .095  .079  .059  .044  .034  .042  .055
fcpg=  .032  .082  .115  .118  .084  .075  .058  .050  .053  .088  .237
fcpg=  .028  .078  .135  .162  .162  .129  .099  .072  .052  .041  .044
fcpg=  .102  .192  .184  .154  .097  .069  .062  .048  .032  .029  .032
fcpg=  .038  .099  .125  .118  .103  .084  .067  .057  .058  .063  .179
fcpg=  .025  .091  .142  .183  .158  .115  .094  .053  .041  .047  .050
fcpg=  .104  .215  .209  .143  .099  .077  .051  .040  .016  .022  .024
fcpg=  .051  .093  .132  .116  .096  .089  .079  .055  .046  .060  .173
fcpg=  .040  .104  .162  .177  .165  .114  .090  .048  .036  .033  .033
fcpg=  .118  .234  .214  .155  .090  .055  .049  .036  .015  .013  .022
fcpg=  .047  .098  .120  .116  .099  .078  .079  .070  .060  .065  .160
fcpg=  .036  .124  .185  .186  .159  .107  .068  .047  .033  .026  .029
fcpg=  .128  .235  .219  .144  .092  .063  .048  .025  .017  .012  .016
fcpg=  .044  .119  .146  .127  .106  .086  .072  .056  .053  .046  .136
fcpg=  .062  .152  .204  .190  .139  .094  .062  .038  .025  .016  .019
fcpg=  .144  .230  .232  .152  .086  .051  .036  .025  .018  .011  .014
fcpg=  .064  .133  .155  .127  .096  .083  .057  .050  .041  .053  .131
fcpg=  .061  .155  .218  .207  .135  .080  .057  .033  .020  .014  .020
fcpg=  .145  .256  .235  .140  .082  .049  .029  .025  .019  .007  .012
fcpg=  .058  .133  .166  .136  .101  .070  .047  .046  .048  .052  .135
fcpg=  .073  .192  .231  .180  .118  .073  .047  .036  .020  .018  .013
fcpg=  .149  .251  .236  .147  .084  .048  .024  .029  .013  .006  .011
fcpg=  .056  .133  .161  .128  .093  .072  .055  .056  .049  .055  .135
fcpg=  .075  .187  .239  .186  .115  .067  .045  .037  .015  .018  .017
fcpg=  .140  .265  .221  .161  .085  .042  .026  .022  .013  .008  .016
fcpg=  .056  .134  .162  .146  .103  .063  .053  .051  .043  .031  .149
fcpg=  .101  .196  .219  .190  .114  .067  .037  .022  .022  .018  .016
fcpg=  .153  .272  .234  .164  .076  .035  .026  .019  .009  .003  .010
fcpg=  .042  .113  .148  .163  .107  .064  .051  .046  .045  .061  .151
fcpg=  .117  .220  .220  .167  .103  .060  .042  .020  .017  .021  .014
fcpg=  .173  .262  .228  .144  .067  .044  .027  .016  .015  .008  .017
fcpg=  .046  .113  .149  .139  .094  .076  .056  .046  .044  .051  .178
fcpg=  .121  .237  .239  .160  .094  .059  .032  .018  .018  .010  .011
fcpg=  .186  .266  .225  .141  .050  .042  .031  .017  .013  .012  .016
fcpg=  .065  .130  .145  .127  .078  .063  .058  .046  .053  .054  .171
fcpg=  .128  .236  .254  .166  .089  .044  .026  .016  .014  .013  .014
fcpg=  .171  .262  .232  .133  .069  .041  .024  .025  .014  .011  .020
fcpg=  .056  .113  .161  .129  .083  .065  .053  .052  .050  .066  .163
fcpg=  .120  .260  .253  .165  .088  .046  .026  .016  .009  .016  .001
fcpg=  .204  .278  .211  .111  .059  .035  .026  .019  .017  .024  .018
fcpg=  .049  .128  .152  .121  .087  .058  .051  .047  .062  .104  .134
fcpg=  .127  .265  .251  .161  .080  .047  .025  .018  .011  .013  .002
fcpg=  .229  .288  .204  .112  .046  .030  .025  .015  .013  .019  .019
fcpg=  .066  .144  .158  .112  .075  .057  .050  .058  .060  .081  .131
fcpg=  .140  .268  .243  .154  .092  .039  .025  .019  .009  .011  .000
fcpg=  .254  .299  .191  .096  .043  .031  .017  .020  .016  .019  .014
fcpg=  .070  .137  .142  .100  .076  .059  .054  .063  .092  .124  .076
fcpg=  .159  .288  .256  .141  .066  .033  .028  .010  .007  .012  .000
fcpg=  .240  .302  .199  .094  .041  .031  .020  .019  .015  .020  .021
fcpg=  .094  .165  .162  .098  .070  .064  .067  .042  .055  .065  .110
fcpg=  .162  .297  .250  .139  .062  .037  .025  .014  .008  .006  .000
fcpg=  .245  .324  .197  .087  .044  .030  .023  .016  .022  .006  .006
fcpg=  .108  .193  .156  .090  .057  .052  .053  .069  .068  .058  .088
fcpg=  .179  .311  .249  .134  .046  .028  .021  .017  .008  .004  .003
fcpg=  .255  .318  .193  .075  .034  .027  .024  .027  .024  .011  .013
fcpg=  .133  .194  .140  .084  .040  .051  .079  .085  .053  .041  .091
fcpg=  .187  .302  .250  .130  .049  .028  .024  .017  .003  .005  .004
fcpg=  .249  .319  .192  .078  .035  .032  .025  .028  .022  .015  .005
fcpg=  .139  .199  .157  .072  .043  .045  .058  .085  .059  .056  .080
fcpg=  .207  .300  .229  .122  .059  .030  .020  .014  .007  .011  .002
fcpg=  .279  .327  .187  .062  .026  .034  .032  .020  .008  .015  .010
fcpg=  .153  .217  .141  .062  .034  .048  .066  .066  .059  .085  .061
fcpg=  .192  .302  .247  .131  .053  .025  .018  .016  .010  .006  .000
fcpg=  .287  .325  .182  .064  .022  .031  .030  .025  .014  .017  .002
fcpg=  .150  .206  .137  .061  .036  .046  .054  .077  .063  .127  .035
fcpg=  .172  .294  .248  .142  .056  .032  .023  .014  .010  .007  .003
fcpg=  .278  .332  .183  .071  .028  .028  .023  .019  .012  .021  .006
fcpg=  .122  .198  .150  .074  .035  .047  .049  .073  .068  .122  .053
fcpg=  .170  .298  .258  .142  .049  .027  .020  .013  .015  .005  .003
fcpg=  .256  .301  .218  .078  .030  .030  .025  .030  .018  .012  .000
fcpg=  .102  .170  .176  .082  .041  .051  .053  .081  .068  .105  .063
fcpg=  .192  .305  .258  .120  .051  .024  .018  .010  .011  .003  .008
fcpg=  .241  .324  .207  .082  .034  .028  .028  .017  .023  .013  .004
fcpg=  .112  .189  .162  .070  .040  .051  .050  .055  .082  .084  .096
fcpg=  .186  .311  .254  .130  .042  .021  .016  .011  .012  .011  .004
fcpg=  .248  .327  .201  .074  .035  .039  .037  .020  .016  .004  .000
fcpg=  .113  .188  .148  .068  .043  .055  .073  .060  .072  .081  .091
fcpg=  .183  .327  .256  .129  .038  .012  .014  .012  .010  .013  .007
fcpg=  .237  .331  .211  .082  .036  .028  .025  .017  .018  .011  .005
fcpg=  .093  .189  .150  .084  .045  .046  .056  .070  .075  .073  .111
fcpg=  .186  .316  .263  .121  .040  .018  .014  .016  .011  .010  .004
fcpg=  .274  .321  .198  .079  .035  .033  .026  .018  .007  .010  .000
fcpg=  .091  .165  .155  .085  .048  .061  .074  .075  .047  .072  .119
fcpg=  .200  .318  .228  .126  .046  .020  .014  .020  .010  .012  .006
fcpg=  .284  .329  .194  .083  .031  .022  .018  .013  .010  .009  .007
fcpg=  .093  .167  .145  .088  .042  .046  .058  .068  .065  .067  .151
