fcpg=  .013  .033  .060  .101  .117  .152  .131  .097  .087  .058  .151
fcpg=  .074  .139  .164  .146  .111  .109  .077  .058  .037  .037  .049
fcpg=  .061  .118  .134  .121  .079  .088  .081  .074  .073  .069  .093
fcpg=  .019  .043  .087  .116  .140  .143  .118  .087  .059  .045  .143
fcpg=  .069  .131  .172  .158  .120  .101  .083  .061  .044  .027  .035
fcpg=  .046  .097  .134  .119  .113  .103  .075  .056  .035  .047  .167
fcpg=  .021  .060  .102  .128  .158  .133  .111  .073  .049  .049  .117
fcpg=  .082  .156  .193  .154  .115  .092  .069  .050  .035  .022  .031
fcpg=  .033  .096  .135  .142  .122  .098  .072  .042  .053  .058  .142
fcpg=  .022  .058  .106  .133  .143  .148  .125  .075  .056  .050  .084
fcpg=  .088  .177  .191  .144  .099  .079  .067  .052  .034  .036  .033
fcpg=  .029  .075  .105  .096  .089  .084  .084  .071  .084  .082  .193
fcpg=  .022  .082  .134  .174  .160  .130  .095  .066  .037  .034  .067
fcpg=  .094  .186  .191  .143  .092  .078  .065  .053  .030  .035  .033
fcpg=  .014  .060  .108  .117  .092  .076  .079  .068  .068  .081  .230
fcpg=  .024  .084  .146  .158  .148  .136  .093  .059  .049  .039  .066
fcpg=  .112  .194  .181  .123  .085  .062  .056  .055  .041  .033  .058
fcpg=  .018  .052  .071  .084  .077  .076  .068  .062  .064  .078  .340
fcpg=  .032  .101  .152  .174  .146  .115  .076  .056  .037  .048  .062
fcpg=  .112  .202  .187  .130  .079  .062  .044  .044  .033  .039  .068
fcpg=  .021  .049  .088  .105  .079  .070  .053  .051  .043  .057  .378
fcpg=  .043  .108  .161  .171  .151  .106  .071  .051  .049  .037  .052
fcpg=  .132  .219  .195  .124  .068  .040  .047  .043  .039  .037  .055
fcpg=  .020  .050  .074  .089  .069  .058  .058  .060  .059  .104  .351
fcpg=  .060  .140  .179  .155  .142  .097  .075  .060  .027  .021  .044
fcpg=  .143  .230  .172  .122  .070  .053  .055  .036  .036  .029  .054
fcpg=  .021  .055  .084  .097  .070  .066  .064  .053  .059  .094  .328
fcpg=  .060  .148  .206  .175  .126  .087  .061  .042  .023  .026  .047
fcpg=  .159  .209  .196  .120  .062  .059  .044  .046  .026  .030  .049
fcpg=  .019  .053  .102  .102  .067  .063  .059  .047  .043  .082  .355
fcpg=  .073  .172  .210  .177  .111  .081  .057  .037  .026  .020  .036
fcpg=  .152  .242  .181  .112  .066  .053  .050  .046  .026  .026  .045
fcpg=  .042  .091  .107  .090  .063  .058  .054  .055  .054  .079  .299
fcpg=  .080  .188  .229  .173  .109  .077  .055  .032  .017  .015  .024
fcpg=  .161  .241  .213  .106  .056  .044  .044  .040  .028  .024  .043
fcpg=  .032  .086  .116  .088  .059  .057  .066  .054  .053  .079  .303
fcpg=  .101  .199  .220  .173  .110  .073  .046  .029  .012  .015  .022
fcpg=  .161  .261  .196  .105  .055  .040  .048  .045  .034  .027  .029
fcpg=  .051  .109  .121  .084  .057  .054  .055  .048  .054  .056  .305
fcpg=  .093  .213  .232  .189  .103  .062  .034  .019  .017  .014  .023
fcpg=  .170  .267  .191  .117  .057  .047  .050  .024  .017  .023  .038
fcpg=  .060  .111  .118  .102  .058  .046  .043  .038  .048  .056  .313
fcpg=  .108  .236  .255  .169  .099  .054  .022  .016  .015  .017  .009
fcpg=  .186  .258  .194  .104  .063  .046  .043  .032  .024  .022  .027
fcpg=  .053  .124  .134  .094  .066  .050  .043  .037  .047  .059  .285
fcpg=  .136  .254  .244  .166  .089  .046  .016  .017  .012  .009  .012
fcpg=  .177  .266  .208  .111  .057  .042  .035  .030  .022  .022  .029
fcpg=  .077  .133  .137  .099  .055  .034  .034  .036  .048  .073  .266
fcpg=  .151  .281  .243  .153  .070  .043  .019  .012  .014  .006  .008
fcpg=  .170  .257  .214  .131  .057  .040  .035  .024  .024  .021  .026
fcpg=  .090  .159  .130  .092  .042  .039  .036  .037  .043  .072  .253
fcpg=  .179  .278  .248  .139  .070  .030  .022  .013  .011  .006  .005
fcpg=  .186  .265  .217  .104  .052  .046  .032  .024  .024  .020  .029
fcpg=  .117  .160  .134  .070  .041  .028  .032  .039  .051  .078  .243
fcpg=  .191  .294  .240  .137  .052  .031  .020  .017  .015  .002  .001
fcpg=  .160  .274  .221  .120  .054  .043  .037  .028  .022  .023  .018
fcpg=  .076  .153  .144  .095  .049  .042  .043  .045  .054  .067  .222
fcpg=  .198  .298  .241  .124  .052  .031  .021  .019  .014  .002  .001
fcpg=  .171  .273  .206  .124  .056  .039  .043  .027  .016  .021  .023
fcpg=  .083  .149  .126  .104  .051  .050  .038  .042  .056  .097  .195
fcpg=  .198  .297  .236  .128  .054  .034  .024  .021  .008  .001  .000
fcpg=  .191  .286  .207  .109  .050  .043  .033  .026  .016  .021  .018
fcpg=  .090  .160  .151  .090  .046  .039  .043  .053  .055  .072  .192
fcpg=  .208  .295  .247  .129  .053  .028  .024  .009  .005  .003  .000
fcpg=  .197  .284  .222  .101  .053  .032  .025  .022  .015  .016  .032
fcpg=  .092  .163  .162  .091  .047  .037  .037  .039  .056  .071  .197
fcpg=  .225  .335  .231  .115  .044  .025  .016  .005  .003  .002  .000
fcpg=  .189  .297  .220  .098  .048  .030  .042  .021  .017  .019  .019
fcpg=  .102  .191  .148  .086  .039  .036  .049  .047  .071  .069  .152
fcpg=  .240  .338  .246  .100  .036  .018  .010  .006  .002  .003  .000
fcpg=  .191  .282  .225  .098  .051  .036  .038  .025  .021  .022  .011
fcpg=  .089  .174  .165  .087  .041  .035  .039  .049  .096  .103  .114
fcpg=  .250  .345  .219  .111  .039  .016  .013  .003  .003  .002  .000
fcpg=  .191  .295  .206  .104  .044  .037  .040  .037  .023  .016  .008
fcpg=  .105  .202  .144  .082  .039  .036  .041  .057  .074  .081  .131
fcpg=  .249  .339  .236  .108  .035  .011  .010  .007  .004  .002  .000
fcpg=  .187  .300  .202  .109  .052  .037  .042  .028  .018  .019  .007
fcpg=  .088  .169  .141  .089  .053  .058  .053  .051  .050  .106  .135
fcpg=  .237  .360  .227  .104  .037  .013  .009  .007  .004  .001  .000
fcpg=  .193  .304  .210  .103  .046  .043  .041  .024  .015  .016  .004
fcpg=  .095  .177  .138  .075  .051  .050  .056  .065  .066  .100  .119
fcpg=  .243  .347  .241  .104  .028  .014  .012  .006  .003  .002  .000
fcpg=  .208  .274  .216  .115  .058  .040  .030  .019  .013  .017  .012
fcpg=  .086  .153  .129  .094  .045  .051  .061  .067  .071  .088  .148
fcpg=  .247  .343  .237  .097  .040  .013  .012  .006  .003  .002  .000
fcpg=  .221  .291  .212  .110  .053  .026  .034  .014  .013  .018  .008
fcpg=  .103  .150  .145  .077  .050  .052  .073  .068  .070  .066  .138
fcpg=  .253  .330  .226  .106  .043  .018  .008  .007  .003  .004  .002
fcpg=  .208  .309  .219  .095  .051  .035  .026  .017  .015  .010  .014
fcpg=  .086  .158  .127  .079  .048  .058  .069  .074  .088  .071  .133
fcpg=  .253  .336  .236  .103  .031  .019  .007  .006  .005  .004  .001
fcpg=  .202  .313  .219  .110  .050  .035  .026  .017  .016  .008  .006
fcpg=  .089  .157  .125  .072  .036  .051  .076  .104  .104  .092  .086
fcpg=  .244  .329  .237  .113  .037  .017  .008  .008  .003  .002  .002
fcpg=  .202  .298  .214  .114  .061  .032  .026  .013  .014  .014  .011
fcpg=  .101  .146  .115  .076  .040  .037  .059  .114  .094  .098  .112
