fcpg=  .015  .033  .080  .095  .152  .174  .138  .095  .063  .048  .106
fcpg=  .072  .116  .158  .155  .141  .120  .086  .051  .035  .021  .046
fcpg=  .065  .140  .174  .169  .141  .110  .073  .038  .027  .016  .037
fcpg=  .011  .039  .078  .109  .159  .168  .142  .084  .057  .046  .107
fcpg=  .085  .149  .176  .156  .125  .109  .076  .039  .018  .018  .049
fcpg=  .042  .099  .144  .162  .142  .128  .094  .050  .041  .030  .060
fcpg=  .011  .042  .087  .141  .157  .161  .126  .090  .055  .033  .099
fcpg=  .083  .147  .194  .165  .139  .104  .058  .029  .025  .018  .037
fcpg=  .037  .085  .149  .164  .143  .125  .075  .049  .037  .026  .102
fcpg=  .020  .063  .103  .139  .143  .147  .111  .087  .048  .027  .112
fcpg=  .088  .160  .195  .152  .130  .089  .060  .040  .026  .021  .039
fcpg=  .029  .069  .123  .131  .125  .119  .080  .064  .042  .033  .176
fcpg=  .026  .072  .120  .135  .149  .137  .113  .063  .046  .038  .101
fcpg=  .089  .184  .213  .174  .117  .076  .046  .029  .028  .016  .027
fcpg=  .034  .097  .136  .150  .123  .091  .064  .048  .047  .038  .162
fcpg=  .039  .088  .143  .153  .138  .124  .087  .059  .038  .034  .098
fcpg=  .093  .183  .208  .164  .102  .065  .059  .035  .023  .022  .044
fcpg=  .031  .072  .123  .115  .109  .081  .072  .055  .043  .049  .243
fcpg=  .038  .092  .149  .167  .158  .117  .083  .054  .029  .033  .080
fcpg=  .086  .201  .195  .169  .104  .070  .055  .032  .027  .032  .028
fcpg=  .025  .082  .111  .112  .098  .077  .065  .052  .039  .064  .265
fcpg=  .043  .102  .166  .178  .143  .112  .065  .043  .030  .029  .088
fcpg=  .083  .195  .213  .168  .102  .064  .049  .032  .027  .031  .035
fcpg=  .028  .080  .118  .113  .089  .077  .055  .044  .038  .068  .283
fcpg=  .051  .112  .176  .178  .140  .098  .067  .042  .028  .030  .079
fcpg=  .090  .186  .217  .175  .104  .057  .040  .030  .029  .025  .046
fcpg=  .038  .078  .120  .117  .094  .068  .054  .041  .032  .048  .301
fcpg=  .058  .142  .184  .175  .126  .087  .050  .036  .031  .031  .078
fcpg=  .101  .225  .232  .160  .087  .054  .036  .031  .020  .020  .035
fcpg=  .032  .102  .131  .123  .086  .061  .047  .042  .034  .050  .282
fcpg=  .075  .174  .187  .151  .118  .073  .052  .031  .034  .029  .076
fcpg=  .125  .258  .237  .141  .072  .040  .035  .034  .021  .018  .018
fcpg=  .044  .109  .140  .111  .084  .055  .048  .046  .042  .068  .242
fcpg=  .104  .205  .190  .143  .091  .058  .047  .029  .032  .046  .057
fcpg=  .133  .280  .250  .133  .052  .037  .027  .031  .019  .013  .024
fcpg=  .058  .139  .137  .102  .065  .053  .053  .054  .053  .060  .216
fcpg=  .097  .187  .206  .150  .100  .069  .044  .032  .033  .037  .044
fcpg=  .168  .275  .247  .137  .055  .036  .024  .020  .017  .012  .008
fcpg=  .074  .135  .150  .110  .068  .067  .051  .040  .046  .063  .187
fcpg=  .111  .197  .215  .149  .100  .065  .052  .033  .032  .024  .023
fcpg=  .177  .261  .246  .139  .070  .030  .021  .016  .015  .008  .016
fcpg=  .067  .118  .152  .121  .084  .063  .051  .048  .055  .066  .166
fcpg=  .131  .212  .208  .157  .104  .062  .043  .028  .028  .014  .013
fcpg=  .164  .290  .242  .146  .061  .026  .019  .016  .011  .012  .013
fcpg=  .053  .132  .151  .118  .094  .074  .058  .059  .060  .060  .131
fcpg=  .124  .227  .225  .160  .095  .056  .038  .030  .021  .007  .016
fcpg=  .183  .293  .237  .130  .059  .024  .018  .016  .010  .012  .018
fcpg=  .063  .137  .155  .119  .093  .067  .065  .063  .050  .043  .137
fcpg=  .137  .233  .233  .159  .086  .052  .033  .034  .014  .005  .015
fcpg=  .179  .291  .236  .114  .057  .036  .023  .013  .017  .012  .021
fcpg=  .064  .125  .158  .123  .086  .069  .054  .049  .048  .053  .163
fcpg=  .148  .263  .228  .154  .074  .036  .030  .024  .019  .006  .016
fcpg=  .196  .302  .228  .112  .046  .034  .025  .018  .010  .008  .022
fcpg=  .069  .135  .135  .096  .059  .069  .070  .056  .065  .068  .168
fcpg=  .142  .267  .254  .145  .063  .031  .030  .027  .020  .011  .010
fcpg=  .202  .309  .205  .101  .043  .024  .037  .021  .024  .018  .017
fcpg=  .058  .125  .117  .088  .057  .054  .082  .078  .100  .073  .160
fcpg=  .162  .281  .253  .139  .056  .027  .026  .020  .019  .012  .005
fcpg=  .197  .297  .207  .119  .040  .018  .027  .035  .027  .015  .017
fcpg=  .054  .131  .119  .094  .045  .049  .069  .084  .088  .085  .173
fcpg=  .151  .295  .253  .133  .059  .030  .021  .026  .016  .012  .004
fcpg=  .186  .286  .222  .112  .042  .027  .020  .040  .035  .019  .009
fcpg=  .058  .126  .133  .081  .044  .053  .059  .087  .097  .089  .165
fcpg=  .159  .281  .259  .140  .059  .023  .027  .020  .019  .007  .007
fcpg=  .180  .292  .223  .108  .048  .025  .022  .047  .030  .015  .010
fcpg=  .058  .128  .130  .073  .047  .048  .063  .086  .098  .075  .186
fcpg=  .178  .293  .256  .118  .059  .036  .024  .016  .007  .011  .005
fcpg=  .185  .285  .211  .114  .048  .025  .040  .040  .032  .017  .003
fcpg=  .061  .138  .131  .078  .044  .060  .082  .096  .073  .078  .152
fcpg=  .189  .308  .240  .120  .043  .030  .024  .019  .012  .009  .007
fcpg=  .187  .292  .213  .115  .053  .036  .035  .033  .023  .006  .007
fcpg=  .076  .133  .127  .074  .044  .058  .078  .082  .069  .071  .179
fcpg=  .204  .305  .244  .120  .046  .019  .014  .016  .015  .012  .005
fcpg=  .209  .295  .207  .096  .046  .038  .037  .035  .024  .009  .005
fcpg=  .088  .135  .135  .064  .047  .055  .079  .079  .079  .080  .150
fcpg=  .214  .333  .225  .109  .036  .022  .014  .019  .011  .013  .004
fcpg=  .215  .300  .203  .091  .046  .045  .030  .026  .016  .017  .011
fcpg=  .078  .144  .122  .061  .041  .066  .068  .079  .061  .089  .180
fcpg=  .232  .328  .241  .093  .032  .018  .012  .013  .014  .012  .004
fcpg=  .211  .298  .193  .099  .040  .048  .035  .026  .023  .017  .008
fcpg=  .081  .130  .122  .075  .046  .074  .070  .075  .071  .086  .160
fcpg=  .234  .312  .232  .108  .037  .021  .014  .016  .016  .006  .003
fcpg=  .232  .286  .200  .089  .044  .032  .039  .030  .018  .015  .016
fcpg=  .074  .118  .115  .077  .057  .058  .068  .074  .068  .106  .176
fcpg=  .224  .328  .219  .109  .043  .019  .013  .014  .014  .012  .005
fcpg=  .232  .286  .198  .091  .040  .035  .040  .028  .023  .018  .009
fcpg=  .070  .120  .112  .083  .055  .065  .078  .069  .075  .093  .172
fcpg=  .228  .330  .221  .100  .036  .021  .020  .013  .011  .012  .008
fcpg=  .226  .313  .185  .082  .040  .034  .038  .031  .024  .010  .016
fcpg=  .063  .127  .106  .071  .053  .058  .068  .066  .076  .090  .214
fcpg=  .240  .316  .216  .102  .040  .027  .017  .012  .014  .009  .007
fcpg=  .233  .290  .187  .089  .042  .032  .038  .037  .022  .016  .014
fcpg=  .079  .115  .110  .074  .048  .063  .065  .081  .081  .077  .199
fcpg=  .243  .323  .220  .094  .034  .024  .016  .019  .013  .007  .008
fcpg=  .233  .294  .197  .087  .041  .034  .030  .037  .018  .014  .016
fcpg=  .076  .103  .110  .065  .051  .062  .068  .078  .085  .102  .192
