fcpg=  .014  .031  .068  .112  .133  .173  .134  .107  .068  .048  .111
fcpg=  .083  .117  .129  .120  .100  .107  .091  .062  .052  .053  .086
fcpg=  .055  .095  .112  .130  .111  .104  .079  .060  .041  .052  .152
fcpg=  .019  .047  .089  .108  .153  .151  .140  .087  .061  .053  .090
fcpg=  .075  .142  .138  .126  .096  .104  .087  .066  .045  .044  .079
fcpg=  .036  .082  .107  .111  .107  .097  .079  .047  .045  .056  .224
fcpg=  .023  .049  .112  .134  .168  .144  .126  .079  .061  .037  .068
fcpg=  .091  .147  .158  .138  .095  .101  .075  .057  .039  .043  .057
fcpg=  .035  .090  .117  .106  .115  .098  .067  .056  .051  .069  .188
fcpg=  .024  .067  .112  .148  .159  .134  .117  .075  .051  .041  .072
fcpg=  .102  .172  .170  .137  .108  .089  .063  .051  .036  .028  .043
fcpg=  .050  .097  .124  .106  .103  .086  .080  .054  .048  .062  .182
fcpg=  .029  .090  .138  .161  .145  .145  .103  .063  .049  .038  .039
fcpg=  .101  .194  .188  .152  .103  .075  .064  .043  .029  .027  .024
fcpg=  .050  .102  .129  .127  .107  .110  .089  .064  .054  .057  .104
fcpg=  .036  .106  .157  .158  .147  .134  .092  .060  .048  .028  .035
fcpg=  .113  .215  .208  .155  .102  .068  .047  .033  .020  .021  .019
fcpg=  .036  .107  .151  .136  .124  .095  .072  .051  .032  .060  .127
fcpg=  .040  .101  .168  .167  .172  .122  .092  .058  .030  .027  .023
fcpg=  .131  .225  .205  .162  .099  .056  .039  .030  .017  .017  .019
fcpg=  .046  .106  .149  .136  .116  .078  .058  .048  .055  .050  .148
fcpg=  .042  .116  .163  .193  .175  .110  .088  .041  .021  .024  .028
fcpg=  .137  .257  .226  .150  .082  .047  .034  .022  .015  .015  .014
fcpg=  .058  .126  .157  .151  .104  .071  .059  .041  .033  .054  .137
fcpg=  .050  .119  .191  .202  .161  .108  .068  .035  .021  .021  .024
fcpg=  .135  .254  .233  .156  .081  .054  .028  .019  .012  .017  .010
fcpg=  .074  .128  .160  .144  .097  .074  .046  .038  .039  .067  .126
fcpg=  .056  .135  .199  .200  .145  .086  .059  .038  .032  .016  .034
fcpg=  .115  .271  .240  .162  .080  .041  .031  .022  .012  .013  .014
fcpg=  .066  .127  .158  .136  .098  .064  .051  .045  .037  .043  .167
fcpg=  .078  .175  .214  .177  .131  .075  .041  .031  .026  .023  .029
fcpg=  .136  .270  .240  .148  .080  .041  .032  .016  .013  .009  .015
fcpg=  .046  .126  .163  .136  .091  .066  .048  .032  .041  .064  .180
fcpg=  .089  .184  .221  .181  .118  .060  .040  .031  .023  .023  .029
fcpg=  .165  .267  .226  .126  .067  .046  .036  .022  .012  .010  .021
fcpg=  .051  .129  .149  .120  .093  .075  .059  .053  .039  .057  .168
fcpg=  .102  .219  .222  .152  .115  .057  .043  .024  .022  .020  .026
fcpg=  .174  .287  .211  .127  .066  .044  .033  .023  .013  .007  .015
fcpg=  .053  .133  .143  .109  .088  .068  .057  .044  .037  .055  .205
fcpg=  .102  .219  .238  .170  .090  .057  .040  .025  .017  .020  .023
fcpg=  .176  .286  .216  .115  .056  .042  .033  .024  .017  .012  .022
fcpg=  .055  .127  .144  .114  .069  .066  .059  .050  .048  .051  .211
fcpg=  .120  .229  .252  .173  .084  .050  .031  .022  .017  .014  .010
fcpg=  .184  .283  .218  .113  .052  .040  .034  .019  .016  .022  .021
fcpg=  .072  .120  .129  .098  .060  .063  .075  .055  .056  .079  .186
fcpg=  .124  .245  .255  .171  .078  .035  .027  .022  .016  .013  .014
fcpg=  .193  .276  .220  .111  .055  .041  .031  .014  .013  .017  .029
fcpg=  .067  .115  .125  .095  .054  .061  .065  .071  .081  .080  .177
fcpg=  .138  .252  .260  .149  .080  .036  .026  .019  .017  .010  .014
fcpg=  .196  .280  .216  .110  .046  .034  .029  .020  .014  .024  .030
fcpg=  .061  .123  .134  .088  .051  .055  .059  .069  .067  .083  .202
fcpg=  .140  .265  .252  .142  .086  .036  .018  .014  .015  .012  .018
fcpg=  .195  .309  .222  .088  .052  .027  .026  .020  .014  .015  .032
fcpg=  .064  .133  .129  .070  .073  .059  .057  .061  .062  .061  .222
fcpg=  .133  .266  .252  .156  .077  .035  .022  .015  .011  .016  .017
fcpg=  .205  .310  .223  .095  .041  .029  .022  .021  .021  .014  .020
fcpg=  .064  .135  .134  .088  .061  .051  .055  .063  .064  .079  .198
fcpg=  .162  .276  .232  .158  .073  .030  .021  .011  .008  .012  .017
fcpg=  .195  .302  .233  .099  .042  .033  .022  .021  .017  .013  .023
fcpg=  .075  .140  .136  .086  .057  .066  .062  .064  .061  .068  .176
fcpg=  .153  .280  .259  .149  .065  .028  .019  .012  .012  .015  .008
fcpg=  .209  .308  .233  .096  .052  .033  .018  .017  .014  .010  .011
fcpg=  .081  .151  .149  .092  .070  .064  .052  .057  .056  .085  .135
fcpg=  .182  .315  .231  .138  .055  .026  .012  .011  .007  .013  .010
fcpg=  .219  .307  .223  .109  .047  .036  .018  .014  .007  .006  .014
fcpg=  .080  .179  .158  .094  .060  .060  .050  .055  .065  .066  .124
fcpg=  .191  .311  .247  .132  .043  .027  .013  .009  .008  .010  .010
fcpg=  .202  .327  .237  .117  .040  .021  .018  .015  .009  .006  .008
fcpg=  .096  .180  .174  .101  .047  .044  .052  .056  .056  .081  .105
fcpg=  .208  .311  .251  .108  .044  .027  .018  .008  .006  .005  .015
fcpg=  .208  .327  .240  .100  .046  .024  .017  .007  .006  .005  .018
fcpg=  .106  .178  .177  .082  .054  .044  .051  .052  .048  .058  .143
fcpg=  .209  .330  .239  .116  .037  .019  .022  .008  .009  .005  .006
fcpg=  .219  .323  .219  .111  .048  .025  .014  .013  .007  .008  .013
fcpg=  .113  .181  .140  .102  .050  .052  .051  .060  .055  .051  .137
fcpg=  .205  .328  .242  .114  .043  .018  .012  .019  .009  .003  .008
fcpg=  .216  .335  .215  .112  .039  .028  .015  .005  .007  .008  .019
fcpg=  .111  .177  .146  .089  .048  .053  .051  .055  .045  .061  .157
fcpg=  .225  .320  .231  .108  .051  .018  .010  .017  .011  .007  .003
fcpg=  .224  .317  .222  .112  .037  .021  .015  .013  .017  .015  .008
fcpg=  .103  .175  .143  .087  .057  .049  .052  .052  .055  .079  .141
fcpg=  .239  .312  .232  .116  .042  .016  .011  .010  .008  .007  .006
fcpg=  .228  .308  .216  .096  .048  .030  .020  .014  .016  .011  .012
fcpg=  .106  .148  .148  .086  .058  .054  .055  .057  .050  .082  .149
fcpg=  .226  .328  .240  .114  .031  .015  .015  .009  .009  .008  .007
fcpg=  .227  .313  .218  .092  .036  .032  .026  .027  .018  .008  .002
fcpg=  .086  .162  .150  .092  .047  .049  .059  .061  .065  .084  .137
fcpg=  .235  .333  .230  .097  .036  .016  .016  .011  .008  .009  .009
fcpg=  .234  .316  .201  .085  .041  .039  .029  .022  .018  .008  .006
fcpg=  .081  .148  .131  .086  .046  .061  .063  .058  .068  .072  .177
fcpg=  .226  .324  .240  .106  .033  .021  .017  .009  .010  .008  .007
fcpg=  .222  .318  .204  .090  .041  .033  .035  .029  .015  .009  .004
fcpg=  .085  .154  .127  .078  .045  .057  .059  .061  .066  .081  .180
fcpg=  .210  .319  .234  .112  .045  .027  .013  .011  .008  .011  .010
fcpg=  .246  .310  .204  .088  .041  .028  .028  .021  .011  .012  .013
fcpg=  .087  .146  .119  .068  .052  .055  .051  .058  .058  .095  .201
