fcpg=  .051  .065  .097  .115  .104  .130  .109  .074  .085  .043  .127
fcpg=  .115  .126  .122  .111  .095  .112  .088  .059  .038  .041  .092
fcpg=  .095  .142  .155  .126  .083  .088  .075  .057  .057  .046  .068
fcpg=  .037  .074  .114  .115  .108  .133  .110  .083  .064  .049  .112
fcpg=  .115  .165  .152  .104  .097  .094  .085  .046  .033  .032  .077
fcpg=  .069  .137  .172  .170  .127  .101  .054  .041  .035  .033  .052
fcpg=  .024  .062  .110  .116  .133  .146  .116  .076  .054  .048  .117
fcpg=  .115  .169  .156  .134  .107  .091  .062  .051  .048  .017  .049
fcpg=  .063  .123  .147  .141  .105  .094  .064  .055  .052  .051  .095
fcpg=  .026  .076  .110  .127  .143  .133  .095  .072  .047  .046  .125
fcpg=  .112  .158  .164  .147  .098  .082  .071  .051  .042  .026  .048
fcpg=  .048  .106  .144  .155  .114  .091  .065  .041  .037  .045  .145
fcpg=  .038  .087  .111  .125  .128  .125  .096  .074  .042  .060  .113
fcpg=  .109  .191  .185  .145  .092  .067  .067  .046  .036  .029  .033
fcpg=  .045  .103  .133  .127  .115  .083  .065  .058  .054  .072  .138
fcpg=  .034  .087  .105  .133  .124  .134  .107  .067  .050  .051  .108
fcpg=  .115  .205  .210  .136  .090  .044  .059  .039  .033  .024  .046
fcpg=  .040  .079  .109  .127  .114  .099  .076  .040  .037  .059  .213
fcpg=  .056  .095  .128  .140  .132  .116  .094  .062  .041  .038  .098
fcpg=  .128  .227  .210  .130  .064  .056  .049  .043  .027  .024  .041
fcpg=  .041  .095  .130  .130  .108  .088  .069  .050  .035  .058  .187
fcpg=  .056  .113  .142  .148  .136  .120  .076  .058  .040  .032  .078
fcpg=  .143  .245  .205  .119  .069  .045  .039  .040  .023  .032  .038
fcpg=  .057  .124  .141  .110  .086  .071  .046  .045  .048  .060  .202
fcpg=  .068  .137  .158  .157  .132  .086  .085  .057  .050  .028  .041
fcpg=  .124  .245  .215  .124  .065  .051  .040  .036  .035  .033  .032
fcpg=  .051  .131  .153  .127  .094  .065  .060  .052  .066  .077  .116
fcpg=  .064  .145  .161  .159  .121  .092  .074  .062  .051  .031  .039
fcpg=  .149  .244  .187  .120  .067  .047  .055  .033  .042  .037  .019
fcpg=  .054  .108  .132  .125  .085  .064  .070  .066  .074  .097  .117
fcpg=  .068  .149  .176  .163  .133  .084  .063  .049  .043  .038  .034
fcpg=  .146  .242  .211  .113  .057  .043  .042  .044  .043  .034  .025
fcpg=  .053  .107  .126  .112  .080  .070  .062  .058  .070  .110  .145
fcpg=  .078  .151  .193  .154  .117  .080  .073  .046  .034  .029  .044
fcpg=  .142  .249  .196  .107  .052  .050  .047  .049  .040  .028  .039
fcpg=  .046  .098  .117  .089  .066  .056  .067  .066  .081  .098  .208
fcpg=  .067  .175  .211  .163  .109  .083  .062  .047  .031  .018  .034
fcpg=  .138  .244  .199  .110  .058  .052  .053  .045  .031  .026  .044
fcpg=  .037  .087  .114  .084  .067  .059  .053  .057  .062  .085  .287
fcpg=  .080  .191  .217  .180  .096  .061  .048  .045  .025  .021  .037
fcpg=  .153  .238  .205  .108  .061  .047  .044  .045  .025  .016  .058
fcpg=  .045  .098  .100  .076  .047  .050  .044  .062  .054  .084  .333
fcpg=  .092  .211  .231  .167  .100  .056  .040  .023  .030  .024  .025
fcpg=  .165  .261  .204  .110  .050  .038  .046  .033  .020  .020  .052
fcpg=  .057  .104  .096  .081  .057  .045  .049  .041  .062  .097  .302
fcpg=  .110  .240  .232  .161  .085  .052  .032  .025  .021  .025  .018
fcpg=  .186  .271  .198  .103  .051  .039  .033  .033  .022  .018  .046
fcpg=  .049  .101  .099  .074  .050  .039  .042  .054  .063  .123  .297
fcpg=  .141  .254  .234  .159  .077  .040  .026  .015  .025  .015  .012
fcpg=  .176  .259  .214  .107  .060  .036  .032  .034  .019  .036  .027
fcpg=  .057  .101  .114  .088  .057  .044  .051  .052  .067  .129  .230
fcpg=  .157  .259  .247  .147  .067  .033  .024  .022  .018  .018  .007
fcpg=  .188  .269  .196  .106  .063  .034  .032  .035  .025  .035  .017
fcpg=  .052  .110  .114  .082  .054  .039  .054  .082  .102  .142  .161
fcpg=  .152  .276  .236  .146  .063  .040  .029  .022  .013  .019  .005
fcpg=  .193  .269  .208  .112  .055  .031  .030  .029  .028  .033  .012
fcpg=  .054  .117  .127  .099  .066  .051  .058  .070  .079  .169  .102
fcpg=  .173  .266  .242  .141  .070  .036  .026  .012  .011  .014  .008
fcpg=  .207  .284  .194  .099  .051  .037  .027  .030  .027  .031  .013
fcpg=  .070  .114  .125  .086  .061  .055  .067  .069  .071  .131  .143
fcpg=  .179  .287  .243  .124  .057  .034  .020  .017  .016  .013  .010
fcpg=  .215  .283  .202  .108  .041  .031  .029  .024  .027  .032  .008
fcpg=  .070  .142  .125  .092  .055  .052  .066  .067  .066  .125  .131
fcpg=  .189  .303  .242  .129  .044  .030  .016  .018  .014  .005  .010
fcpg=  .201  .311  .217  .098  .044  .031  .024  .019  .023  .024  .008
fcpg=  .068  .140  .138  .101  .048  .043  .050  .067  .093  .090  .154
fcpg=  .196  .317  .230  .125  .054  .024  .013  .011  .009  .012  .009
fcpg=  .215  .300  .219  .098  .039  .027  .028  .025  .029  .019  .003
fcpg=  .068  .140  .154  .097  .048  .047  .055  .062  .078  .096  .146
fcpg=  .213  .295  .237  .123  .049  .031  .016  .014  .009  .005  .007
fcpg=  .220  .294  .219  .097  .044  .033  .027  .023  .023  .015  .006
fcpg=  .063  .135  .137  .086  .056  .052  .059  .066  .070  .097  .170
fcpg=  .204  .329  .232  .111  .053  .023  .017  .013  .008  .007  .002
fcpg=  .213  .316  .215  .095  .043  .028  .032  .020  .025  .011  .002
fcpg=  .081  .160  .149  .071  .049  .053  .059  .063  .091  .089  .127
fcpg=  .214  .302  .229  .125  .054  .027  .019  .012  .008  .007  .005
fcpg=  .225  .299  .211  .112  .038  .027  .034  .017  .017  .012  .009
fcpg=  .091  .145  .134  .090  .056  .044  .061  .062  .079  .109  .121
fcpg=  .216  .303  .240  .115  .046  .025  .013  .013  .007  .012  .010
fcpg=  .242  .297  .192  .099  .050  .035  .034  .020  .013  .011  .007
fcpg=  .110  .159  .127  .088  .055  .048  .046  .055  .066  .087  .149
fcpg=  .226  .316  .233  .110  .049  .018  .011  .009  .007  .011  .011
fcpg=  .236  .324  .201  .095  .036  .030  .022  .013  .012  .011  .018
fcpg=  .098  .163  .123  .078  .057  .054  .055  .050  .064  .079  .171
fcpg=  .234  .342  .214  .093  .035  .023  .016  .014  .010  .010  .008
fcpg=  .241  .331  .210  .080  .035  .027  .019  .016  .014  .014  .013
fcpg=  .102  .186  .138  .075  .041  .041  .043  .052  .061  .090  .161
fcpg=  .253  .325  .212  .094  .033  .024  .016  .013  .010  .015  .005
fcpg=  .237  .329  .198  .085  .041  .030  .023  .017  .009  .016  .014
fcpg=  .109  .170  .124  .059  .042  .046  .055  .051  .074  .099  .164
fcpg=  .258  .322  .218  .096  .033  .017  .017  .017  .010  .009  .003
fcpg=  .243  .327  .191  .085  .035  .037  .027  .016  .012  .015  .010
fcpg=  .101  .161  .136  .065  .045  .046  .052  .065  .063  .074  .184
fcpg=  .255  .348  .209  .093  .026  .019  .015  .008  .011  .008  .007
fcpg=  .270  .315  .188  .079  .036  .026  .028  .017  .011  .011  .019
fcpg=  .085  .166  .128  .069  .042  .048  .055  .058  .073  .079  .188
