fcpg=  .018  .034  .065  .085  .110  .143  .124  .096  .066  .046  .211
fcpg=  .061  .142  .158  .136  .109  .113  .082  .064  .055  .046  .033
fcpg=  .024  .076  .130  .140  .140  .115  .089  .067  .050  .054  .107
fcpg=  .018  .043  .068  .087  .121  .159  .131  .087  .064  .048  .174
fcpg=  .066  .157  .185  .154  .116  .089  .074  .053  .057  .030  .021
fcpg=  .022  .078  .140  .137  .127  .111  .078  .061  .054  .059  .124
fcpg=  .022  .061  .104  .114  .133  .123  .114  .072  .055  .046  .154
fcpg=  .080  .164  .199  .147  .101  .081  .062  .051  .046  .045  .024
fcpg=  .021  .062  .101  .110  .101  .087  .098  .079  .078  .089  .167
fcpg=  .032  .067  .101  .130  .117  .136  .109  .079  .049  .042  .139
fcpg=  .088  .169  .197  .153  .086  .070  .066  .055  .045  .038  .032
fcpg=  .013  .046  .093  .112  .092  .096  .077  .065  .057  .072  .270
fcpg=  .035  .073  .112  .126  .119  .136  .103  .075  .050  .044  .127
fcpg=  .097  .197  .211  .152  .092  .054  .043  .052  .041  .035  .025
fcpg=  .015  .053  .094  .092  .086  .084  .067  .076  .063  .114  .247
fcpg=  .044  .093  .120  .134  .118  .118  .101  .068  .040  .047  .117
fcpg=  .098  .203  .205  .158  .091  .056  .045  .043  .028  .032  .041
fcpg=  .035  .075  .097  .090  .061  .062  .054  .054  .049  .081  .333
fcpg=  .046  .108  .144  .136  .123  .110  .091  .053  .044  .043  .103
fcpg=  .121  .223  .218  .139  .072  .048  .044  .039  .036  .023  .038
fcpg=  .036  .079  .119  .087  .071  .067  .060  .054  .063  .060  .296
fcpg=  .042  .090  .144  .171  .138  .102  .085  .065  .046  .051  .067
fcpg=  .121  .232  .216  .149  .072  .051  .044  .030  .031  .023  .031
fcpg=  .036  .077  .101  .099  .065  .060  .061  .067  .068  .078  .280
fcpg=  .054  .127  .163  .167  .125  .107  .076  .055  .040  .039  .047
fcpg=  .133  .250  .212  .140  .063  .049  .035  .033  .031  .027  .028
fcpg=  .031  .080  .091  .087  .059  .077  .076  .093  .088  .104  .206
fcpg=  .051  .137  .180  .154  .126  .098  .069  .054  .044  .035  .054
fcpg=  .140  .251  .212  .123  .081  .062  .042  .021  .022  .021  .025
fcpg=  .022  .064  .095  .080  .078  .082  .068  .059  .091  .093  .260
fcpg=  .055  .153  .183  .156  .129  .103  .061  .049  .037  .038  .035
fcpg=  .146  .233  .214  .126  .068  .063  .056  .028  .025  .023  .017
fcpg=  .026  .068  .097  .085  .074  .083  .084  .083  .079  .082  .232
fcpg=  .064  .150  .191  .173  .123  .090  .061  .048  .037  .030  .034
fcpg=  .172  .230  .200  .122  .070  .065  .051  .036  .019  .003  .032
fcpg=  .021  .053  .082  .091  .070  .085  .084  .084  .085  .076  .261
fcpg=  .077  .176  .216  .178  .103  .068  .063  .041  .042  .020  .018
fcpg=  .159  .243  .198  .124  .067  .060  .057  .035  .019  .015  .025
fcpg=  .031  .068  .094  .084  .060  .060  .076  .068  .083  .105  .265
fcpg=  .088  .213  .230  .167  .092  .053  .051  .039  .029  .021  .018
fcpg=  .163  .247  .203  .110  .063  .056  .055  .035  .020  .013  .034
fcpg=  .029  .070  .088  .083  .070  .066  .064  .064  .071  .102  .284
fcpg=  .113  .211  .250  .171  .085  .054  .042  .027  .015  .014  .018
fcpg=  .195  .255  .177  .102  .057  .058  .049  .028  .028  .014  .036
fcpg=  .033  .076  .100  .082  .058  .065  .068  .059  .077  .094  .280
fcpg=  .116  .240  .231  .177  .080  .053  .032  .025  .016  .013  .017
fcpg=  .207  .268  .182  .098  .049  .055  .042  .034  .026  .009  .030
fcpg=  .025  .081  .090  .075  .051  .064  .060  .072  .087  .095  .292
fcpg=  .139  .261  .231  .161  .070  .046  .033  .025  .012  .011  .012
fcpg=  .199  .285  .191  .091  .043  .045  .043  .033  .020  .017  .033
fcpg=  .041  .100  .094  .078  .054  .061  .061  .071  .048  .072  .312
fcpg=  .142  .265  .247  .144  .074  .042  .033  .020  .009  .008  .017
fcpg=  .221  .279  .191  .083  .045  .049  .041  .036  .021  .010  .023
fcpg=  .041  .093  .089  .075  .062  .060  .073  .070  .057  .078  .294
fcpg=  .141  .266  .257  .154  .071  .035  .032  .015  .008  .008  .012
fcpg=  .208  .286  .191  .095  .047  .042  .040  .031  .017  .022  .023
fcpg=  .058  .100  .105  .078  .052  .057  .065  .061  .044  .058  .314
fcpg=  .164  .284  .243  .141  .061  .042  .018  .013  .008  .011  .014
fcpg=  .205  .281  .213  .093  .046  .040  .034  .026  .016  .017  .030
fcpg=  .055  .116  .120  .086  .063  .055  .046  .046  .041  .063  .300
fcpg=  .161  .301  .252  .120  .061  .037  .025  .012  .011  .012  .007
fcpg=  .220  .293  .199  .090  .043  .036  .034  .023  .016  .015  .031
fcpg=  .056  .124  .120  .084  .054  .057  .047  .042  .042  .068  .298
fcpg=  .165  .301  .255  .130  .062  .031  .022  .011  .008  .007  .008
fcpg=  .230  .292  .197  .087  .046  .030  .029  .021  .014  .026  .027
fcpg=  .062  .130  .112  .078  .055  .054  .047  .042  .042  .070  .301
fcpg=  .170  .299  .250  .142  .054  .034  .017  .016  .010  .005  .003
fcpg=  .250  .308  .168  .087  .042  .038  .032  .018  .022  .016  .020
fcpg=  .068  .135  .117  .077  .044  .050  .048  .047  .052  .061  .292
fcpg=  .180  .304  .255  .128  .055  .028  .018  .010  .007  .010  .005
fcpg=  .251  .301  .198  .092  .034  .031  .027  .014  .018  .018  .016
fcpg=  .073  .139  .120  .073  .037  .042  .052  .049  .056  .088  .262
fcpg=  .199  .303  .231  .133  .064  .025  .012  .007  .012  .010  .003
fcpg=  .254  .313  .192  .072  .030  .037  .039  .020  .018  .014  .010
fcpg=  .071  .134  .118  .076  .041  .053  .057  .055  .070  .080  .237
fcpg=  .200  .316  .228  .119  .047  .032  .021  .010  .010  .009  .007
fcpg=  .229  .342  .203  .083  .033  .028  .021  .013  .013  .016  .019
fcpg=  .081  .140  .122  .070  .039  .052  .063  .048  .056  .068  .254
fcpg=  .223  .315  .240  .103  .041  .027  .011  .013  .009  .010  .007
fcpg=  .219  .328  .235  .085  .038  .021  .019  .015  .008  .016  .016
fcpg=  .088  .158  .144  .067  .041  .040  .057  .046  .040  .066  .244
fcpg=  .232  .332  .227  .102  .036  .018  .019  .012  .010  .007  .007
fcpg=  .244  .321  .208  .088  .035  .021  .022  .016  .015  .013  .016
fcpg=  .090  .156  .125  .073  .030  .035  .058  .055  .073  .069  .227
fcpg=  .247  .325  .228  .108  .032  .016  .011  .015  .007  .003  .008
fcpg=  .226  .312  .222  .095  .033  .028  .028  .018  .016  .011  .012
fcpg=  .087  .155  .138  .077  .035  .037  .050  .074  .069  .060  .209
fcpg=  .275  .334  .210  .090  .031  .014  .010  .016  .007  .005  .009
fcpg=  .229  .333  .208  .087  .034  .020  .032  .017  .018  .011  .014
fcpg=  .085  .143  .113  .063  .042  .038  .078  .065  .078  .076  .212
fcpg=  .284  .347  .205  .079  .028  .015  .009  .014  .008  .005  .007
fcpg=  .243  .308  .204  .089  .039  .029  .028  .018  .017  .013  .011
fcpg=  .099  .139  .111  .059  .042  .058  .063  .059  .066  .080  .216
fcpg=  .281  .341  .208  .081  .026  .015  .010  .015  .007  .010  .006
fcpg=  .254  .322  .188  .094  .038  .021  .029  .015  .017  .010  .012
fcpg=  .089  .124  .098  .052  .042  .052  .070  .060  .068  .080  .256
