fcpg=  .019  .034  .073  .119  .148  .167  .129  .093  .066  .044  .108
fcpg=  .050  .089  .127  .135  .132  .106  .111  .063  .057  .053  .077
fcpg=  .024  .053  .105  .139  .136  .122  .095  .062  .057  .070  .127
fcpg=  .014  .042  .078  .105  .146  .161  .144  .109  .070  .049  .082
fcpg=  .052  .119  .147  .146  .113  .113  .085  .055  .070  .049  .051
fcpg=  .014  .060  .108  .121  .103  .108  .094  .093  .069  .066  .157
fcpg=  .024  .065  .089  .109  .147  .161  .148  .089  .070  .046  .051
fcpg=  .056  .116  .155  .148  .125  .103  .082  .070  .050  .045  .050
fcpg=  .034  .070  .105  .117  .104  .095  .081  .067  .060  .073  .185
fcpg=  .030  .065  .095  .135  .141  .162  .133  .086  .060  .039  .053
fcpg=  .071  .130  .164  .130  .110  .099  .076  .075  .051  .051  .043
fcpg=  .025  .075  .092  .111  .095  .102  .089  .067  .057  .056  .221
fcpg=  .031  .063  .106  .139  .159  .143  .126  .079  .054  .042  .058
fcpg=  .076  .157  .172  .136  .099  .084  .088  .057  .051  .050  .031
fcpg=  .020  .061  .102  .108  .095  .087  .085  .068  .061  .078  .227
fcpg=  .029  .081  .135  .159  .151  .148  .102  .059  .041  .032  .063
fcpg=  .069  .160  .174  .126  .108  .083  .082  .056  .055  .051  .035
fcpg=  .022  .083  .094  .101  .088  .082  .078  .054  .060  .054  .273
fcpg=  .044  .100  .144  .168  .144  .122  .089  .059  .044  .031  .054
fcpg=  .084  .165  .168  .136  .087  .084  .067  .070  .059  .050  .030
fcpg=  .035  .088  .114  .113  .086  .067  .052  .049  .055  .065  .268
fcpg=  .046  .106  .164  .174  .147  .116  .079  .055  .037  .033  .044
fcpg=  .089  .171  .183  .141  .093  .063  .072  .060  .056  .034  .036
fcpg=  .046  .115  .119  .100  .075  .062  .048  .051  .050  .056  .270
fcpg=  .049  .129  .176  .176  .154  .101  .077  .051  .034  .028  .025
fcpg=  .100  .196  .160  .127  .086  .090  .074  .051  .053  .036  .027
fcpg=  .036  .101  .126  .111  .085  .063  .058  .042  .047  .072  .251
fcpg=  .060  .149  .194  .180  .138  .091  .061  .043  .034  .027  .023
fcpg=  .095  .186  .212  .136  .089  .059  .056  .057  .045  .035  .030
fcpg=  .037  .101  .137  .129  .085  .058  .045  .039  .042  .061  .258
fcpg=  .073  .174  .210  .182  .127  .076  .050  .043  .029  .022  .014
fcpg=  .103  .213  .202  .131  .075  .052  .067  .052  .049  .039  .017
fcpg=  .062  .128  .147  .123  .083  .045  .042  .038  .044  .047  .233
fcpg=  .084  .189  .231  .194  .112  .070  .041  .031  .016  .017  .015
fcpg=  .120  .228  .217  .123  .070  .052  .048  .050  .045  .031  .016
fcpg=  .064  .128  .157  .120  .069  .059  .048  .035  .043  .064  .205
fcpg=  .100  .204  .231  .179  .110  .068  .041  .025  .017  .014  .012
fcpg=  .142  .248  .209  .117  .073  .049  .044  .047  .042  .025  .005
fcpg=  .066  .159  .175  .122  .066  .057  .045  .048  .051  .062  .139
fcpg=  .135  .228  .218  .171  .094  .061  .037  .026  .015  .013  .003
fcpg=  .160  .261  .204  .119  .052  .043  .048  .044  .032  .026  .010
fcpg=  .076  .155  .155  .112  .066  .042  .047  .069  .065  .098  .106
fcpg=  .151  .266  .222  .141  .082  .057  .037  .026  .011  .006  .001
fcpg=  .170  .273  .225  .113  .049  .037  .045  .029  .028  .017  .014
fcpg=  .081  .174  .170  .108  .066  .042  .052  .062  .076  .072  .090
fcpg=  .165  .264  .233  .144  .073  .041  .033  .021  .008  .017  .001
fcpg=  .169  .277  .227  .103  .050  .043  .045  .035  .033  .016  .002
fcpg=  .074  .156  .171  .104  .053  .053  .066  .075  .070  .111  .059
fcpg=  .188  .275  .242  .140  .065  .030  .020  .018  .007  .006  .009
fcpg=  .175  .286  .212  .113  .055  .044  .036  .028  .031  .018  .003
fcpg=  .107  .196  .162  .100  .049  .036  .053  .061  .074  .089  .062
fcpg=  .214  .307  .228  .118  .049  .025  .019  .014  .005  .008  .014
fcpg=  .164  .274  .232  .118  .061  .042  .036  .022  .027  .011  .012
fcpg=  .124  .200  .155  .086  .037  .032  .055  .075  .095  .051  .082
fcpg=  .179  .315  .260  .116  .046  .020  .021  .014  .010  .009  .011
fcpg=  .159  .269  .243  .129  .051  .050  .037  .028  .020  .009  .003
fcpg=  .118  .199  .168  .093  .044  .037  .043  .073  .079  .061  .077
fcpg=  .211  .303  .230  .118  .046  .024  .025  .020  .008  .008  .006
fcpg=  .156  .278  .225  .118  .065  .047  .044  .033  .016  .011  .008
fcpg=  .133  .189  .142  .076  .041  .046  .073  .092  .088  .068  .045
fcpg=  .194  .322  .223  .112  .043  .035  .027  .030  .007  .006  .001
fcpg=  .196  .285  .222  .106  .045  .049  .046  .025  .022  .004  .000
fcpg=  .140  .204  .160  .076  .037  .047  .055  .069  .090  .080  .032
fcpg=  .204  .317  .236  .109  .039  .034  .025  .026  .009  .001  .000
fcpg=  .200  .308  .209  .089  .042  .043  .047  .035  .020  .005  .002
fcpg=  .119  .220  .157  .073  .036  .053  .069  .090  .088  .065  .021
fcpg=  .229  .325  .215  .102  .045  .025  .026  .019  .010  .004  .000
fcpg=  .212  .303  .214  .100  .039  .045  .034  .030  .017  .006  .000
fcpg=  .146  .216  .167  .079  .045  .051  .082  .067  .060  .060  .018
fcpg=  .224  .328  .240  .104  .040  .021  .019  .011  .008  .002  .003
fcpg=  .208  .294  .222  .098  .043  .047  .043  .026  .015  .005  .000
fcpg=  .124  .188  .151  .067  .043  .072  .085  .063  .077  .100  .021
fcpg=  .236  .356  .227  .089  .033  .021  .018  .008  .004  .003  .005
fcpg=  .212  .298  .208  .108  .042  .046  .039  .026  .016  .006  .000
fcpg=  .128  .206  .149  .063  .034  .066  .073  .066  .078  .079  .049
fcpg=  .271  .338  .214  .088  .028  .017  .017  .008  .009  .004  .006
fcpg=  .217  .294  .217  .096  .040  .034  .036  .033  .018  .011  .004
fcpg=  .143  .180  .136  .060  .039  .062  .071  .064  .060  .069  .109
fcpg=  .259  .341  .218  .085  .030  .018  .015  .015  .006  .008  .006
fcpg=  .210  .305  .215  .098  .036  .034  .035  .033  .022  .008  .005
fcpg=  .153  .212  .132  .062  .035  .046  .049  .055  .058  .072  .119
fcpg=  .248  .349  .220  .089  .027  .018  .017  .013  .009  .008  .001
fcpg=  .199  .294  .216  .107  .040  .031  .032  .027  .024  .015  .015
fcpg=  .134  .186  .141  .066  .032  .053  .063  .054  .068  .070  .124
fcpg=  .262  .357  .207  .079  .031  .019  .021  .014  .005  .004  .001
fcpg=  .203  .302  .212  .092  .043  .038  .033  .032  .026  .013  .006
fcpg=  .133  .200  .143  .060  .026  .037  .050  .064  .075  .071  .133
fcpg=  .275  .339  .212  .089  .033  .020  .018  .008  .004  .003  .000
fcpg=  .229  .290  .203  .089  .038  .030  .043  .028  .017  .018  .014
fcpg=  .131  .181  .129  .058  .039  .045  .069  .049  .069  .092  .128
fcpg=  .266  .352  .215  .091  .026  .025  .012  .008  .004  .001  .000
fcpg=  .214  .290  .207  .089  .037  .029  .049  .040  .024  .015  .005
fcpg=  .127  .164  .129  .056  .036  .050  .069  .070  .080  .092  .118
fcpg=  .251  .356  .224  .095  .024  .022  .014  .011  .002  .002  .000
fcpg=  .206  .300  .188  .101  .045  .042  .040  .031  .017  .021  .008
fcpg=  .095  .157  .117  .074  .041  .056  .069  .075  .074  .095  .138
