fcpg=  .043  .064  .106  .119  .107  .133  .106  .068  .062  .042  .149
fcpg=  .099  .140  .171  .138  .103  .098  .079  .057  .037  .054  .025
fcpg=  .088  .160  .189  .154  .103  .092  .072  .056  .032  .028  .017
fcpg=  .034  .080  .122  .116  .123  .129  .109  .080  .055  .033  .119
fcpg=  .133  .153  .181  .147  .100  .088  .057  .045  .040  .035  .023
fcpg=  .064  .152  .196  .168  .125  .097  .064  .044  .043  .022  .017
fcpg=  .026  .077  .130  .143  .136  .129  .115  .078  .044  .029  .092
fcpg=  .152  .178  .180  .142  .106  .073  .057  .040  .033  .021  .018
fcpg=  .068  .140  .192  .175  .119  .086  .055  .038  .032  .024  .064
fcpg=  .039  .084  .122  .146  .137  .132  .109  .071  .045  .035  .081
fcpg=  .179  .204  .186  .141  .086  .057  .047  .038  .025  .020  .017
fcpg=  .090  .162  .156  .143  .103  .084  .052  .044  .032  .044  .081
fcpg=  .037  .094  .141  .159  .150  .121  .095  .059  .035  .032  .076
fcpg=  .176  .237  .196  .124  .074  .051  .048  .033  .020  .033  .009
fcpg=  .086  .147  .143  .116  .086  .076  .066  .055  .051  .054  .112
fcpg=  .036  .095  .142  .166  .143  .132  .081  .061  .035  .031  .078
fcpg=  .171  .256  .188  .125  .063  .056  .045  .043  .026  .015  .011
fcpg=  .057  .113  .136  .127  .080  .079  .068  .064  .077  .059  .132
fcpg=  .036  .113  .154  .172  .138  .105  .065  .053  .044  .034  .085
fcpg=  .180  .253  .196  .125  .071  .045  .038  .028  .019  .025  .020
fcpg=  .057  .122  .147  .116  .090  .071  .052  .053  .061  .054  .168
fcpg=  .043  .121  .167  .177  .127  .082  .066  .041  .040  .039  .098
fcpg=  .195  .249  .191  .122  .058  .047  .038  .026  .027  .019  .027
fcpg=  .059  .124  .140  .109  .066  .049  .053  .048  .057  .058  .230
fcpg=  .045  .132  .169  .170  .127  .098  .066  .043  .033  .031  .086
fcpg=  .189  .265  .199  .112  .062  .046  .042  .022  .026  .017  .021
fcpg=  .051  .117  .141  .105  .083  .072  .064  .050  .053  .056  .200
fcpg=  .062  .149  .191  .168  .118  .081  .057  .042  .028  .029  .074
fcpg=  .192  .274  .205  .122  .056  .037  .024  .023  .016  .021  .029
fcpg=  .044  .112  .136  .116  .084  .071  .046  .052  .041  .055  .235
fcpg=  .062  .161  .189  .180  .122  .079  .061  .042  .022  .023  .059
fcpg=  .191  .292  .216  .129  .063  .037  .023  .017  .013  .011  .007
fcpg=  .053  .111  .149  .121  .090  .077  .060  .058  .048  .068  .156
fcpg=  .082  .175  .207  .175  .119  .079  .053  .033  .019  .019  .039
fcpg=  .204  .297  .223  .126  .061  .028  .019  .018  .013  .009  .002
fcpg=  .059  .152  .165  .130  .095  .062  .054  .045  .050  .055  .124
fcpg=  .093  .185  .201  .174  .118  .080  .061  .029  .022  .019  .017
fcpg=  .234  .315  .238  .112  .040  .022  .014  .011  .009  .005  .000
fcpg=  .076  .174  .189  .143  .086  .071  .060  .046  .052  .051  .045
fcpg=  .092  .198  .229  .176  .104  .072  .045  .034  .018  .009  .023
fcpg=  .226  .323  .245  .105  .043  .024  .014  .006  .007  .005  .002
fcpg=  .083  .192  .185  .139  .081  .064  .051  .042  .043  .050  .062
fcpg=  .098  .209  .241  .170  .110  .062  .038  .020  .015  .012  .025
fcpg=  .241  .324  .235  .113  .032  .016  .016  .009  .008  .006  .001
fcpg=  .095  .187  .187  .126  .082  .049  .052  .047  .036  .040  .092
fcpg=  .098  .241  .244  .164  .087  .051  .030  .028  .010  .020  .027
fcpg=  .223  .329  .238  .104  .040  .014  .013  .009  .012  .010  .008
fcpg=  .087  .183  .180  .136  .083  .042  .035  .031  .034  .046  .136
fcpg=  .116  .232  .232  .159  .095  .058  .034  .021  .009  .013  .032
fcpg=  .214  .325  .239  .114  .043  .017  .015  .011  .009  .008  .007
fcpg=  .083  .172  .176  .129  .082  .048  .041  .035  .035  .056  .135
fcpg=  .113  .252  .233  .152  .091  .047  .037  .016  .010  .013  .035
fcpg=  .204  .326  .234  .117  .043  .021  .015  .007  .008  .011  .016
fcpg=  .082  .188  .183  .123  .067  .042  .041  .030  .029  .044  .162
fcpg=  .119  .251  .242  .162  .087  .046  .031  .014  .017  .011  .021
fcpg=  .200  .340  .247  .112  .045  .023  .015  .006  .006  .005  .001
fcpg=  .090  .175  .172  .118  .071  .046  .047  .041  .049  .060  .123
fcpg=  .131  .267  .244  .155  .085  .045  .024  .017  .008  .008  .015
fcpg=  .233  .335  .232  .102  .034  .020  .012  .008  .010  .008  .006
fcpg=  .102  .185  .176  .113  .058  .063  .056  .049  .051  .044  .097
fcpg=  .143  .259  .254  .158  .078  .041  .027  .015  .010  .005  .010
fcpg=  .229  .361  .229  .098  .040  .015  .013  .010  .004  .002  .000
fcpg=  .103  .203  .180  .109  .064  .051  .051  .058  .057  .061  .054
fcpg=  .145  .274  .257  .152  .071  .038  .025  .016  .009  .007  .007
fcpg=  .250  .340  .225  .109  .039  .014  .009  .007  .004  .002  .000
fcpg=  .112  .197  .187  .139  .067  .041  .046  .053  .049  .061  .040
fcpg=  .146  .278  .247  .147  .073  .038  .032  .016  .011  .010  .003
fcpg=  .246  .368  .233  .093  .025  .011  .010  .007  .006  .002  .000
fcpg=  .102  .214  .193  .107  .060  .042  .055  .053  .065  .047  .052
fcpg=  .151  .279  .247  .147  .058  .031  .032  .019  .017  .012  .008
fcpg=  .266  .342  .231  .094  .027  .011  .013  .007  .005  .004  .000
fcpg=  .118  .196  .180  .117  .058  .037  .044  .043  .049  .065  .084
fcpg=  .157  .280  .239  .142  .065  .034  .029  .022  .017  .009  .005
fcpg=  .292  .337  .215  .090  .027  .012  .012  .007  .004  .004  .000
fcpg=  .123  .183  .181  .109  .054  .039  .043  .061  .069  .067  .062
fcpg=  .162  .269  .245  .137  .072  .030  .028  .025  .014  .009  .008
fcpg=  .293  .366  .197  .071  .027  .013  .010  .009  .009  .004  .001
fcpg=  .116  .219  .167  .101  .052  .039  .043  .046  .051  .067  .090
fcpg=  .169  .268  .242  .141  .068  .037  .030  .019  .010  .014  .003
fcpg=  .280  .354  .217  .091  .024  .009  .011  .007  .007  .000  .000
fcpg=  .119  .186  .188  .107  .054  .036  .045  .050  .069  .081  .057
fcpg=  .167  .277  .245  .142  .071  .033  .023  .023  .009  .007  .003
fcpg=  .268  .352  .221  .092  .026  .010  .011  .006  .007  .005  .000
fcpg=  .114  .188  .177  .104  .053  .047  .049  .054  .061  .085  .058
fcpg=  .178  .291  .248  .133  .057  .034  .019  .017  .013  .008  .001
fcpg=  .278  .360  .221  .081  .026  .008  .009  .013  .005  .000  .000
fcpg=  .134  .202  .177  .089  .043  .038  .039  .060  .059  .086  .065
fcpg=  .176  .291  .251  .145  .057  .026  .021  .011  .008  .007  .007
fcpg=  .268  .349  .226  .089  .027  .011  .010  .011  .004  .004  .000
fcpg=  .122  .204  .167  .096  .039  .031  .040  .063  .058  .075  .097
fcpg=  .179  .310  .252  .134  .057  .023  .014  .007  .008  .010  .007
fcpg=  .256  .351  .226  .094  .030  .010  .012  .014  .007  .000  .000
fcpg=  .116  .216  .186  .101  .042  .024  .034  .040  .056  .051  .127
fcpg=  .194  .293  .244  .138  .061  .023  .011  .012  .005  .009  .010
fcpg=  .269  .344  .218  .087  .030  .020  .009  .011  .006  .005  .002
fcpg=  .118  .199  .157  .093  .046  .040  .052  .044  .040  .065  .136
