fcpg=  .013  .035  .076  .120  .172  .160  .119  .085  .061  .048  .110
fcpg=  .084  .133  .171  .148  .140  .108  .076  .037  .033  .023  .048
fcpg=  .063  .113  .175  .169  .164  .112  .069  .044  .026  .023  .034
fcpg=  .019  .044  .082  .115  .136  .154  .120  .083  .066  .055  .126
fcpg=  .086  .157  .185  .162  .115  .090  .067  .036  .026  .024  .054
fcpg=  .057  .106  .152  .147  .138  .107  .082  .056  .036  .030  .081
fcpg=  .022  .052  .090  .118  .131  .149  .132  .092  .056  .043  .115
fcpg=  .078  .169  .201  .154  .125  .086  .059  .042  .027  .021  .039
fcpg=  .042  .120  .152  .148  .119  .106  .088  .053  .039  .037  .088
fcpg=  .026  .071  .090  .122  .144  .145  .115  .085  .051  .037  .114
fcpg=  .073  .161  .189  .159  .116  .084  .071  .040  .035  .027  .044
fcpg=  .028  .102  .139  .141  .111  .098  .072  .049  .037  .050  .166
fcpg=  .028  .081  .122  .149  .148  .131  .109  .068  .042  .036  .086
fcpg=  .078  .191  .219  .161  .116  .078  .050  .039  .023  .030  .016
fcpg=  .049  .104  .139  .136  .116  .097  .084  .062  .048  .078  .079
fcpg=  .032  .091  .132  .165  .153  .128  .089  .059  .036  .026  .090
fcpg=  .078  .175  .215  .166  .102  .067  .060  .036  .040  .043  .018
fcpg=  .023  .071  .099  .109  .097  .091  .075  .057  .055  .077  .238
fcpg=  .048  .113  .159  .165  .153  .115  .074  .035  .030  .025  .084
fcpg=  .085  .195  .225  .175  .092  .055  .058  .036  .027  .033  .019
fcpg=  .027  .081  .108  .116  .106  .078  .070  .054  .049  .076  .228
fcpg=  .052  .124  .184  .167  .124  .098  .066  .045  .029  .023  .087
fcpg=  .106  .208  .222  .158  .096  .048  .042  .030  .030  .035  .024
fcpg=  .031  .083  .124  .111  .092  .069  .066  .046  .044  .050  .275
fcpg=  .067  .161  .163  .161  .125  .083  .056  .040  .028  .028  .089
fcpg=  .133  .229  .220  .132  .068  .043  .046  .042  .039  .028  .021
fcpg=  .033  .096  .123  .126  .089  .061  .055  .051  .048  .057  .254
fcpg=  .071  .163  .190  .157  .116  .075  .058  .033  .026  .025  .084
fcpg=  .145  .234  .219  .136  .072  .043  .044  .042  .028  .020  .016
fcpg=  .039  .101  .150  .135  .087  .058  .048  .045  .036  .049  .243
fcpg=  .084  .166  .191  .165  .113  .064  .044  .043  .030  .030  .070
fcpg=  .133  .265  .227  .135  .073  .045  .044  .027  .027  .019  .004
fcpg=  .053  .115  .134  .118  .094  .065  .056  .050  .048  .061  .196
fcpg=  .065  .181  .204  .174  .117  .068  .054  .042  .036  .031  .028
fcpg=  .138  .254  .254  .126  .073  .043  .039  .027  .017  .018  .012
fcpg=  .037  .110  .151  .115  .108  .079  .057  .050  .049  .085  .150
fcpg=  .074  .195  .229  .174  .106  .070  .051  .041  .018  .021  .019
fcpg=  .161  .271  .228  .135  .064  .048  .032  .024  .014  .014  .008
fcpg=  .039  .111  .155  .133  .094  .079  .062  .053  .045  .064  .155
fcpg=  .093  .207  .237  .184  .103  .064  .042  .033  .015  .010  .012
fcpg=  .166  .266  .223  .133  .074  .036  .028  .026  .016  .016  .015
fcpg=  .046  .095  .145  .147  .109  .085  .057  .061  .054  .061  .131
fcpg=  .108  .231  .238  .182  .096  .048  .039  .028  .011  .009  .011
fcpg=  .171  .272  .215  .121  .073  .046  .028  .026  .012  .016  .022
fcpg=  .061  .124  .153  .129  .103  .069  .044  .050  .054  .055  .149
fcpg=  .130  .247  .250  .152  .080  .045  .038  .027  .010  .008  .015
fcpg=  .178  .277  .219  .121  .065  .039  .028  .022  .009  .016  .025
fcpg=  .055  .139  .171  .114  .082  .059  .050  .057  .052  .068  .144
fcpg=  .141  .241  .237  .170  .074  .048  .034  .024  .011  .007  .015
fcpg=  .171  .274  .222  .126  .054  .040  .032  .026  .011  .015  .030
fcpg=  .064  .122  .156  .128  .070  .061  .050  .061  .059  .056  .165
fcpg=  .139  .269  .240  .152  .070  .041  .036  .025  .010  .007  .012
fcpg=  .158  .308  .226  .125  .056  .034  .027  .017  .009  .010  .030
fcpg=  .062  .133  .145  .111  .074  .059  .051  .066  .063  .065  .164
fcpg=  .153  .276  .247  .133  .071  .035  .033  .022  .015  .009  .008
fcpg=  .179  .301  .216  .108  .054  .037  .035  .021  .011  .021  .017
fcpg=  .068  .129  .135  .092  .068  .049  .061  .062  .058  .094  .175
fcpg=  .181  .284  .254  .125  .058  .034  .027  .015  .009  .009  .004
fcpg=  .180  .309  .218  .106  .046  .039  .025  .026  .012  .018  .020
fcpg=  .077  .145  .133  .072  .053  .055  .060  .059  .073  .086  .179
fcpg=  .193  .297  .234  .131  .063  .034  .014  .015  .007  .009  .004
fcpg=  .194  .298  .216  .086  .048  .040  .037  .035  .019  .014  .012
fcpg=  .075  .138  .129  .077  .053  .051  .056  .088  .068  .094  .162
fcpg=  .204  .304  .222  .131  .054  .028  .017  .011  .012  .008  .010
fcpg=  .223  .306  .198  .081  .037  .040  .042  .028  .016  .007  .023
fcpg=  .081  .140  .116  .083  .039  .043  .073  .082  .086  .066  .184
fcpg=  .192  .324  .241  .114  .044  .024  .020  .014  .011  .010  .006
fcpg=  .211  .298  .211  .079  .037  .043  .047  .029  .022  .007  .017
fcpg=  .087  .139  .127  .075  .045  .055  .075  .073  .075  .071  .169
fcpg=  .190  .317  .240  .111  .046  .027  .019  .015  .013  .013  .011
fcpg=  .219  .304  .203  .089  .045  .038  .043  .018  .011  .005  .024
fcpg=  .078  .148  .133  .069  .041  .055  .079  .057  .068  .068  .196
fcpg=  .206  .301  .247  .113  .043  .020  .020  .020  .007  .011  .010
fcpg=  .223  .292  .192  .093  .042  .043  .036  .026  .027  .009  .018
fcpg=  .080  .133  .131  .084  .047  .054  .075  .077  .064  .052  .194
fcpg=  .190  .332  .236  .106  .043  .023  .018  .020  .009  .009  .014
fcpg=  .239  .293  .196  .093  .042  .029  .035  .027  .020  .009  .019
fcpg=  .091  .148  .118  .059  .044  .055  .067  .070  .052  .066  .222
fcpg=  .207  .325  .231  .102  .042  .024  .023  .016  .012  .009  .010
fcpg=  .253  .280  .199  .070  .045  .032  .035  .035  .027  .021  .003
fcpg=  .087  .121  .116  .066  .059  .060  .075  .075  .071  .082  .179
fcpg=  .212  .319  .239  .102  .039  .024  .022  .015  .009  .010  .010
fcpg=  .235  .326  .179  .085  .033  .032  .025  .031  .028  .020  .004
fcpg=  .079  .141  .105  .062  .042  .056  .071  .073  .095  .091  .177
fcpg=  .212  .320  .232  .100  .050  .022  .018  .015  .012  .011  .007
fcpg=  .253  .308  .191  .081  .030  .035  .021  .032  .027  .021  .002
fcpg=  .085  .126  .118  .057  .043  .061  .068  .087  .109  .094  .144
fcpg=  .236  .304  .222  .104  .036  .028  .019  .013  .014  .013  .011
fcpg=  .246  .321  .196  .079  .029  .032  .023  .025  .019  .026  .005
fcpg=  .074  .135  .114  .062  .033  .052  .068  .073  .090  .107  .183
fcpg=  .229  .302  .227  .115  .042  .020  .022  .013  .012  .011  .008
fcpg=  .246  .308  .193  .085  .035  .032  .028  .023  .027  .017  .004
fcpg=  .068  .128  .113  .080  .048  .050  .067  .072  .107  .107  .152
fcpg=  .230  .307  .214  .118  .038  .022  .020  .016  .014  .012  .010
fcpg=  .235  .312  .203  .086  .037  .029  .032  .025  .014  .011  .015
fcpg=  .061  .120  .123  .074  .047  .054  .064  .077  .087  .093  .192
