fcpg=  .015  .037  .076  .100  .122  .178  .153  .095  .081  .056  .087
fcpg=  .031  .085  .128  .139  .143  .115  .103  .079  .056  .046  .075
fcpg=  .031  .085  .138  .156  .142  .126  .094  .059  .052  .049  .060
fcpg=  .016  .033  .074  .108  .143  .176  .153  .112  .066  .049  .071
fcpg=  .033  .106  .141  .140  .118  .112  .086  .076  .067  .053  .068
fcpg=  .014  .052  .107  .140  .142  .127  .088  .068  .063  .064  .126
fcpg=  .017  .043  .086  .132  .168  .157  .129  .090  .055  .043  .082
fcpg=  .051  .116  .138  .138  .106  .098  .094  .081  .062  .059  .058
fcpg=  .018  .056  .100  .136  .113  .100  .083  .070  .056  .067  .192
fcpg=  .020  .062  .099  .147  .171  .158  .120  .075  .049  .035  .065
fcpg=  .054  .111  .147  .145  .110  .103  .076  .078  .055  .069  .052
fcpg=  .027  .065  .096  .116  .117  .101  .074  .062  .051  .070  .212
fcpg=  .030  .075  .116  .158  .158  .142  .105  .074  .045  .034  .062
fcpg=  .058  .135  .155  .118  .115  .089  .082  .072  .061  .067  .048
fcpg=  .019  .070  .107  .121  .113  .082  .061  .063  .054  .082  .219
fcpg=  .035  .087  .151  .183  .149  .121  .086  .066  .039  .031  .051
fcpg=  .071  .147  .166  .141  .090  .086  .060  .063  .063  .050  .062
fcpg=  .032  .096  .111  .121  .085  .074  .050  .053  .043  .059  .268
fcpg=  .043  .110  .173  .185  .146  .110  .090  .048  .045  .024  .027
fcpg=  .085  .154  .153  .127  .107  .083  .080  .062  .052  .039  .060
fcpg=  .043  .089  .129  .115  .091  .066  .046  .034  .044  .061  .273
fcpg=  .058  .149  .195  .182  .123  .091  .066  .048  .035  .022  .030
fcpg=  .078  .170  .176  .133  .093  .088  .077  .059  .047  .030  .048
fcpg=  .037  .108  .135  .110  .075  .061  .044  .039  .042  .059  .282
fcpg=  .069  .145  .191  .183  .142  .085  .068  .042  .037  .022  .015
fcpg=  .070  .168  .197  .142  .091  .079  .075  .061  .054  .025  .038
fcpg=  .045  .105  .136  .122  .080  .057  .046  .037  .058  .058  .248
fcpg=  .071  .170  .196  .184  .129  .092  .064  .044  .028  .010  .012
fcpg=  .089  .195  .197  .134  .082  .064  .070  .069  .048  .026  .026
fcpg=  .045  .134  .143  .109  .071  .046  .043  .054  .046  .042  .258
fcpg=  .075  .198  .219  .176  .131  .074  .060  .037  .017  .006  .007
fcpg=  .114  .213  .207  .120  .078  .064  .064  .056  .035  .020  .029
fcpg=  .064  .146  .166  .113  .078  .057  .045  .035  .044  .049  .196
fcpg=  .091  .199  .239  .177  .118  .073  .044  .034  .015  .006  .003
fcpg=  .139  .234  .213  .122  .065  .051  .060  .040  .030  .020  .025
fcpg=  .062  .140  .168  .108  .068  .048  .041  .060  .054  .076  .168
fcpg=  .123  .231  .241  .172  .097  .060  .038  .022  .008  .006  .003
fcpg=  .164  .253  .207  .112  .062  .054  .058  .036  .018  .010  .027
fcpg=  .070  .146  .165  .122  .071  .049  .047  .042  .047  .092  .140
fcpg=  .141  .262  .246  .160  .083  .045  .027  .014  .007  .011  .004
fcpg=  .172  .266  .219  .111  .056  .042  .037  .042  .020  .014  .021
fcpg=  .076  .153  .170  .118  .064  .038  .032  .055  .069  .070  .146
fcpg=  .164  .297  .224  .145  .074  .034  .026  .009  .009  .010  .007
fcpg=  .177  .267  .226  .115  .059  .040  .037  .033  .012  .018  .015
fcpg=  .079  .161  .166  .119  .069  .047  .050  .057  .053  .077  .113
fcpg=  .181  .306  .239  .119  .061  .030  .016  .012  .012  .009  .014
fcpg=  .180  .286  .214  .114  .058  .033  .044  .030  .024  .015  .002
fcpg=  .092  .187  .166  .098  .058  .045  .056  .055  .063  .066  .106
fcpg=  .196  .303  .247  .124  .051  .019  .014  .013  .013  .015  .005
fcpg=  .202  .308  .206  .105  .051  .033  .030  .032  .020  .010  .004
fcpg=  .099  .188  .172  .098  .048  .040  .051  .060  .061  .072  .101
fcpg=  .196  .313  .230  .126  .047  .029  .021  .016  .010  .010  .003
fcpg=  .215  .308  .215  .098  .042  .030  .035  .021  .020  .011  .006
fcpg=  .102  .185  .153  .095  .042  .049  .058  .056  .068  .069  .115
fcpg=  .203  .305  .229  .112  .046  .029  .036  .025  .010  .005  .001
fcpg=  .229  .316  .219  .094  .042  .033  .026  .018  .009  .010  .004
fcpg=  .122  .193  .150  .088  .053  .042  .044  .054  .065  .096  .085
fcpg=  .209  .304  .223  .121  .053  .026  .034  .016  .007  .003  .003
fcpg=  .227  .317  .212  .097  .043  .030  .022  .017  .011  .011  .012
fcpg=  .117  .193  .147  .079  .044  .039  .052  .054  .063  .110  .094
fcpg=  .202  .322  .227  .117  .049  .022  .033  .018  .005  .004  .000
fcpg=  .211  .323  .233  .110  .048  .023  .021  .017  .008  .003  .002
fcpg=  .113  .194  .161  .089  .051  .045  .056  .063  .061  .097  .064
fcpg=  .223  .312  .224  .121  .054  .025  .021  .010  .006  .003  .001
fcpg=  .224  .322  .222  .111  .042  .025  .031  .009  .007  .005  .002
fcpg=  .114  .197  .155  .086  .051  .050  .080  .069  .055  .071  .063
fcpg=  .257  .327  .227  .095  .044  .025  .009  .008  .005  .003  .000
fcpg=  .229  .320  .221  .110  .053  .027  .021  .014  .003  .001  .000
fcpg=  .122  .185  .170  .079  .056  .055  .066  .066  .075  .085  .032
fcpg=  .255  .350  .224  .088  .032  .020  .014  .008  .003  .004  .001
fcpg=  .225  .318  .229  .113  .044  .026  .021  .017  .005  .001  .000
fcpg=  .119  .180  .155  .093  .063  .056  .067  .065  .075  .064  .057
fcpg=  .257  .354  .225  .090  .031  .018  .011  .008  .004  .002  .000
fcpg=  .200  .332  .236  .115  .045  .026  .026  .015  .003  .002  .000
fcpg=  .126  .191  .152  .091  .053  .054  .058  .067  .079  .087  .033
fcpg=  .261  .347  .214  .091  .035  .021  .014  .009  .006  .002  .000
fcpg=  .227  .310  .212  .119  .048  .025  .022  .017  .014  .005  .000
fcpg=  .120  .187  .143  .089  .057  .051  .065  .077  .061  .060  .081
fcpg=  .236  .334  .232  .103  .038  .027  .017  .006  .006  .001  .000
fcpg=  .231  .326  .218  .095  .046  .035  .023  .015  .008  .002  .000
fcpg=  .122  .183  .142  .083  .053  .048  .063  .068  .060  .061  .108
fcpg=  .270  .331  .219  .092  .030  .026  .016  .011  .003  .002  .000
fcpg=  .210  .325  .235  .110  .038  .025  .015  .012  .018  .009  .005
fcpg=  .119  .172  .144  .080  .039  .054  .055  .071  .085  .069  .104
fcpg=  .278  .340  .210  .092  .034  .019  .014  .009  .003  .001  .000
fcpg=  .233  .316  .225  .113  .038  .020  .024  .012  .012  .006  .000
fcpg=  .115  .181  .156  .087  .041  .041  .062  .065  .072  .074  .098
fcpg=  .269  .346  .212  .088  .034  .020  .017  .010  .002  .002  .001
fcpg=  .243  .320  .212  .102  .041  .023  .024  .014  .014  .007  .001
fcpg=  .120  .185  .137  .075  .041  .042  .054  .065  .068  .111  .093
fcpg=  .242  .346  .238  .093  .034  .022  .014  .007  .003  .000  .001
fcpg=  .224  .317  .206  .105  .042  .037  .029  .019  .014  .007  .000
fcpg=  .097  .193  .160  .076  .050  .048  .058  .052  .063  .074  .121
fcpg=  .233  .337  .237  .109  .039  .018  .014  .007  .002  .003  .002
fcpg=  .249  .297  .202  .099  .042  .026  .030  .023  .018  .010  .004
fcpg=  .109  .163  .139  .079  .042  .055  .069  .064  .056  .071  .144
