fcpg=  .023  .042  .084  .108  .134  .129  .117  .092  .076  .065  .130
fcpg=  .039  .085  .142  .148  .143  .115  .079  .058  .049  .049  .093
fcpg=  .037  .084  .129  .142  .103  .092  .075  .053  .060  .065  .152
fcpg=  .015  .045  .101  .112  .142  .154  .119  .085  .068  .051  .107
fcpg=  .055  .107  .153  .150  .123  .102  .067  .052  .057  .045  .089
fcpg=  .019  .051  .093  .110  .094  .095  .070  .071  .074  .067  .248
fcpg=  .018  .057  .098  .144  .154  .151  .117  .074  .056  .044  .088
fcpg=  .077  .149  .168  .152  .105  .080  .063  .050  .050  .046  .061
fcpg=  .026  .078  .104  .121  .101  .073  .056  .053  .044  .063  .274
fcpg=  .022  .059  .116  .142  .159  .159  .114  .070  .046  .043  .069
fcpg=  .093  .153  .178  .137  .101  .077  .057  .058  .047  .046  .054
fcpg=  .023  .059  .095  .089  .093  .088  .082  .073  .060  .068  .261
fcpg=  .044  .095  .127  .154  .159  .138  .096  .062  .053  .030  .043
fcpg=  .102  .157  .190  .141  .101  .079  .072  .047  .037  .029  .043
fcpg=  .051  .085  .098  .100  .083  .086  .079  .060  .067  .066  .216
fcpg=  .035  .091  .134  .142  .150  .144  .113  .075  .044  .029  .044
fcpg=  .119  .181  .163  .130  .096  .078  .060  .052  .039  .038  .045
fcpg=  .029  .071  .095  .085  .078  .078  .081  .068  .056  .066  .285
fcpg=  .043  .106  .135  .164  .147  .137  .103  .068  .028  .029  .039
fcpg=  .116  .200  .179  .128  .089  .061  .061  .053  .038  .034  .040
fcpg=  .032  .100  .115  .095  .077  .061  .060  .053  .044  .050  .305
fcpg=  .042  .117  .156  .179  .157  .116  .079  .051  .028  .024  .050
fcpg=  .125  .208  .210  .133  .076  .052  .057  .045  .032  .029  .034
fcpg=  .032  .085  .122  .094  .079  .065  .060  .061  .041  .069  .283
fcpg=  .057  .124  .177  .181  .150  .113  .068  .040  .030  .019  .041
fcpg=  .116  .223  .207  .136  .076  .053  .049  .046  .037  .023  .033
fcpg=  .037  .100  .131  .111  .080  .062  .052  .046  .037  .085  .252
fcpg=  .056  .161  .202  .188  .129  .088  .055  .044  .024  .019  .033
fcpg=  .127  .235  .201  .133  .076  .049  .039  .047  .036  .028  .029
fcpg=  .045  .109  .123  .106  .087  .051  .044  .053  .046  .054  .273
fcpg=  .074  .188  .206  .187  .116  .088  .054  .033  .016  .014  .025
fcpg=  .147  .238  .212  .123  .069  .041  .044  .046  .038  .022  .020
fcpg=  .059  .118  .150  .111  .074  .047  .049  .049  .048  .050  .238
fcpg=  .079  .192  .237  .189  .106  .078  .047  .029  .023  .009  .011
fcpg=  .143  .249  .207  .124  .069  .038  .049  .043  .031  .019  .028
fcpg=  .060  .122  .135  .112  .075  .057  .042  .041  .042  .067  .238
fcpg=  .090  .210  .246  .182  .104  .060  .044  .020  .020  .013  .010
fcpg=  .157  .252  .200  .126  .068  .047  .047  .034  .036  .016  .017
fcpg=  .073  .121  .146  .122  .073  .059  .054  .037  .044  .059  .204
fcpg=  .088  .227  .243  .193  .103  .056  .027  .018  .019  .012  .012
fcpg=  .145  .253  .225  .135  .077  .036  .037  .029  .031  .015  .017
fcpg=  .066  .145  .148  .121  .073  .046  .042  .044  .048  .065  .194
fcpg=  .113  .222  .254  .193  .096  .048  .033  .016  .015  .007  .003
fcpg=  .155  .248  .234  .136  .070  .037  .033  .028  .028  .017  .013
fcpg=  .085  .152  .163  .120  .072  .056  .049  .042  .051  .060  .144
fcpg=  .127  .234  .242  .162  .087  .059  .043  .022  .016  .008  .000
fcpg=  .155  .289  .229  .124  .053  .028  .032  .035  .032  .013  .012
fcpg=  .069  .149  .157  .106  .073  .047  .058  .063  .067  .090  .115
fcpg=  .159  .245  .245  .158  .086  .051  .029  .012  .007  .007  .002
fcpg=  .166  .279  .232  .124  .057  .034  .030  .030  .027  .014  .008
fcpg=  .081  .155  .164  .115  .066  .053  .049  .039  .055  .113  .099
fcpg=  .154  .279  .243  .154  .067  .036  .030  .018  .010  .003  .005
fcpg=  .166  .261  .236  .121  .066  .025  .032  .031  .035  .017  .010
fcpg=  .079  .157  .149  .096  .060  .051  .053  .054  .064  .098  .131
fcpg=  .189  .310  .235  .132  .053  .028  .020  .018  .010  .004  .002
fcpg=  .171  .283  .248  .121  .049  .021  .027  .029  .029  .014  .006
fcpg=  .104  .178  .155  .104  .056  .035  .038  .047  .058  .074  .143
fcpg=  .196  .318  .235  .114  .048  .023  .024  .020  .011  .009  .002
fcpg=  .171  .294  .222  .111  .050  .033  .033  .038  .024  .016  .008
fcpg=  .098  .174  .148  .085  .051  .038  .053  .069  .067  .099  .108
fcpg=  .216  .323  .224  .106  .039  .028  .021  .022  .009  .008  .003
fcpg=  .183  .281  .241  .109  .048  .037  .031  .033  .023  .008  .005
fcpg=  .116  .189  .150  .089  .035  .045  .048  .077  .059  .078  .106
fcpg=  .204  .297  .249  .115  .037  .031  .028  .022  .011  .004  .002
fcpg=  .182  .304  .220  .118  .042  .037  .030  .033  .014  .013  .008
fcpg=  .100  .163  .164  .096  .045  .051  .055  .071  .061  .076  .111
fcpg=  .206  .312  .220  .114  .040  .033  .033  .025  .015  .002  .000
fcpg=  .192  .298  .222  .113  .051  .033  .033  .034  .015  .009  .002
fcpg=  .110  .165  .163  .099  .061  .057  .051  .049  .071  .066  .100
fcpg=  .218  .318  .221  .106  .044  .034  .025  .019  .010  .005  .000
fcpg=  .195  .307  .237  .104  .054  .035  .028  .019  .012  .009  .000
fcpg=  .122  .176  .139  .087  .050  .060  .063  .065  .071  .079  .079
fcpg=  .226  .319  .234  .110  .041  .023  .020  .018  .007  .002  .001
fcpg=  .210  .300  .232  .116  .047  .035  .025  .018  .013  .003  .001
fcpg=  .128  .179  .151  .095  .051  .049  .063  .065  .071  .062  .079
fcpg=  .216  .327  .244  .111  .045  .023  .015  .015  .003  .002  .000
fcpg=  .220  .311  .235  .107  .036  .034  .024  .016  .011  .005  .002
fcpg=  .119  .172  .151  .082  .057  .062  .071  .078  .061  .051  .086
fcpg=  .232  .326  .225  .115  .048  .020  .013  .012  .005  .003  .000
fcpg=  .216  .311  .233  .110  .045  .026  .024  .023  .008  .002  .001
fcpg=  .134  .199  .155  .086  .048  .049  .041  .059  .066  .079  .073
fcpg=  .228  .318  .241  .110  .049  .019  .014  .006  .009  .005  .000
fcpg=  .210  .315  .219  .105  .051  .026  .026  .028  .010  .003  .006
fcpg=  .116  .199  .157  .083  .050  .047  .059  .063  .056  .072  .089
fcpg=  .242  .341  .218  .106  .041  .021  .011  .009  .007  .004  .001
fcpg=  .227  .333  .213  .099  .031  .027  .030  .027  .008  .003  .002
fcpg=  .146  .222  .152  .066  .032  .043  .053  .055  .060  .089  .076
fcpg=  .235  .367  .220  .092  .032  .020  .023  .006  .003  .002  .000
fcpg=  .217  .322  .226  .100  .034  .025  .033  .022  .011  .006  .005
fcpg=  .134  .222  .148  .057  .028  .036  .068  .071  .064  .061  .101
fcpg=  .261  .349  .219  .091  .029  .023  .018  .007  .002  .000  .000
fcpg=  .239  .301  .220  .094  .041  .044  .022  .022  .008  .009  .000
fcpg=  .135  .190  .153  .077  .032  .046  .050  .073  .063  .080  .093
fcpg=  .243  .361  .229  .101  .028  .016  .017  .006  .000  .000  .000
fcpg=  .229  .319  .210  .093  .043  .028  .025  .021  .020  .011  .002
fcpg=  .104  .186  .162  .084  .039  .036  .041  .065  .080  .111  .083
