fcpg=  .028  .060  .112  .114  .120  .137  .109  .074  .062  .055  .129
fcpg=  .111  .154  .150  .101  .087  .096  .094  .057  .046  .035  .069
fcpg=  .079  .136  .171  .157  .103  .089  .059  .051  .039  .035  .071
fcpg=  .030  .074  .111  .141  .145  .143  .113  .074  .054  .039  .076
fcpg=  .112  .168  .167  .124  .094  .088  .081  .042  .032  .036  .057
fcpg=  .050  .142  .189  .171  .137  .111  .075  .039  .026  .021  .031
fcpg=  .026  .068  .111  .146  .157  .141  .115  .079  .051  .039  .067
fcpg=  .104  .168  .178  .144  .103  .079  .055  .047  .028  .038  .057
fcpg=  .056  .118  .143  .141  .117  .095  .062  .056  .040  .055  .108
fcpg=  .033  .088  .132  .151  .143  .132  .101  .079  .051  .028  .062
fcpg=  .110  .195  .186  .119  .093  .067  .054  .044  .038  .044  .049
fcpg=  .042  .100  .137  .134  .112  .091  .061  .053  .045  .065  .151
fcpg=  .032  .090  .154  .174  .163  .124  .084  .060  .039  .030  .047
fcpg=  .109  .185  .186  .148  .096  .065  .050  .044  .044  .040  .033
fcpg=  .056  .093  .140  .125  .091  .078  .058  .057  .066  .081  .145
fcpg=  .034  .101  .153  .166  .154  .127  .089  .055  .040  .042  .039
fcpg=  .132  .203  .191  .144  .087  .064  .049  .034  .027  .038  .029
fcpg=  .040  .098  .128  .108  .091  .084  .065  .054  .061  .088  .175
fcpg=  .042  .117  .173  .172  .135  .114  .089  .055  .044  .031  .028
fcpg=  .126  .197  .223  .169  .080  .057  .038  .031  .028  .025  .025
fcpg=  .044  .088  .148  .117  .079  .074  .063  .055  .053  .082  .189
fcpg=  .044  .119  .189  .179  .148  .103  .072  .043  .030  .031  .043
fcpg=  .135  .229  .216  .153  .072  .055  .040  .026  .028  .021  .025
fcpg=  .043  .101  .131  .132  .083  .075  .057  .045  .057  .084  .183
fcpg=  .065  .159  .204  .186  .128  .093  .068  .033  .030  .016  .018
fcpg=  .144  .247  .231  .157  .080  .054  .036  .021  .013  .004  .013
fcpg=  .045  .122  .162  .137  .109  .076  .062  .062  .045  .048  .124
fcpg=  .068  .172  .224  .169  .121  .084  .059  .032  .026  .025  .020
fcpg=  .155  .272  .225  .145  .079  .043  .021  .021  .015  .007  .018
fcpg=  .055  .117  .154  .132  .113  .082  .066  .046  .049  .039  .138
fcpg=  .079  .187  .242  .178  .101  .073  .049  .032  .027  .016  .016
fcpg=  .163  .266  .240  .146  .073  .038  .026  .020  .015  .005  .009
fcpg=  .059  .127  .146  .138  .087  .069  .061  .059  .053  .071  .122
fcpg=  .105  .211  .248  .162  .100  .064  .045  .030  .018  .010  .007
fcpg=  .162  .282  .230  .146  .061  .034  .031  .021  .017  .006  .011
fcpg=  .065  .140  .171  .143  .085  .070  .065  .066  .047  .067  .071
fcpg=  .109  .228  .238  .168  .085  .061  .045  .027  .021  .011  .008
fcpg=  .173  .291  .237  .128  .058  .030  .032  .024  .012  .010  .005
fcpg=  .060  .141  .169  .137  .084  .061  .067  .073  .056  .064  .078
fcpg=  .097  .235  .235  .175  .085  .064  .035  .030  .021  .011  .011
fcpg=  .193  .293  .225  .139  .058  .030  .019  .016  .010  .008  .009
fcpg=  .065  .145  .170  .147  .088  .064  .057  .056  .052  .055  .092
fcpg=  .117  .233  .234  .168  .090  .056  .031  .027  .024  .014  .006
fcpg=  .199  .310  .226  .130  .050  .034  .016  .015  .006  .006  .006
fcpg=  .062  .157  .173  .141  .076  .070  .048  .050  .054  .068  .094
fcpg=  .126  .229  .223  .158  .091  .057  .036  .030  .019  .020  .012
fcpg=  .206  .310  .234  .113  .039  .027  .022  .018  .010  .004  .016
fcpg=  .071  .160  .184  .142  .078  .059  .054  .044  .037  .043  .120
fcpg=  .124  .237  .234  .164  .081  .046  .031  .033  .031  .016  .004
fcpg=  .210  .319  .211  .118  .041  .029  .028  .019  .011  .006  .009
fcpg=  .070  .156  .173  .126  .072  .057  .061  .065  .055  .057  .099
fcpg=  .131  .262  .242  .141  .073  .036  .034  .025  .030  .014  .011
fcpg=  .217  .293  .214  .097  .051  .030  .034  .023  .011  .009  .021
fcpg=  .086  .178  .169  .114  .065  .048  .057  .058  .046  .038  .133
fcpg=  .138  .261  .230  .146  .071  .042  .039  .034  .027  .013  .001
fcpg=  .239  .312  .199  .094  .051  .029  .021  .021  .015  .009  .009
fcpg=  .077  .183  .166  .110  .060  .045  .054  .071  .080  .080  .065
fcpg=  .151  .250  .238  .144  .072  .044  .035  .043  .014  .007  .001
fcpg=  .237  .312  .204  .087  .039  .028  .030  .015  .013  .020  .016
fcpg=  .089  .169  .165  .116  .062  .045  .060  .061  .068  .076  .079
fcpg=  .159  .266  .242  .129  .075  .040  .043  .032  .012  .001  .000
fcpg=  .252  .320  .195  .086  .034  .028  .020  .021  .023  .016  .005
fcpg=  .083  .164  .158  .100  .077  .057  .067  .062  .101  .084  .038
fcpg=  .171  .285  .232  .129  .066  .034  .039  .028  .011  .002  .001
fcpg=  .261  .329  .188  .084  .028  .027  .020  .026  .018  .007  .012
fcpg=  .091  .168  .157  .096  .065  .062  .073  .075  .056  .091  .059
fcpg=  .161  .299  .242  .130  .060  .036  .030  .021  .013  .004  .003
fcpg=  .257  .340  .199  .069  .024  .023  .022  .025  .029  .009  .002
fcpg=  .076  .166  .164  .100  .060  .060  .067  .088  .079  .072  .060
fcpg=  .187  .295  .228  .128  .062  .029  .025  .022  .011  .003  .009
fcpg=  .272  .333  .182  .084  .032  .020  .023  .021  .014  .008  .010
fcpg=  .100  .184  .155  .095  .059  .047  .057  .068  .075  .073  .078
fcpg=  .197  .306  .236  .128  .053  .027  .015  .013  .012  .007  .006
fcpg=  .278  .339  .195  .078  .024  .020  .031  .016  .009  .005  .005
fcpg=  .109  .199  .161  .094  .045  .044  .064  .061  .064  .077  .073
fcpg=  .179  .287  .263  .131  .051  .031  .017  .012  .011  .008  .011
fcpg=  .271  .353  .200  .079  .027  .020  .016  .014  .005  .006  .010
fcpg=  .107  .186  .180  .090  .046  .043  .058  .054  .045  .058  .125
fcpg=  .192  .291  .244  .136  .055  .025  .021  .009  .013  .008  .005
fcpg=  .285  .339  .201  .078  .029  .023  .026  .014  .002  .000  .003
fcpg=  .135  .210  .159  .075  .047  .049  .056  .044  .045  .071  .101
fcpg=  .176  .309  .252  .132  .051  .020  .018  .014  .008  .008  .013
fcpg=  .291  .325  .206  .089  .028  .012  .017  .017  .005  .002  .008
fcpg=  .145  .208  .164  .072  .030  .028  .049  .053  .047  .048  .149
fcpg=  .203  .322  .231  .109  .049  .026  .020  .015  .011  .009  .004
fcpg=  .266  .337  .206  .091  .028  .025  .022  .017  .004  .002  .002
fcpg=  .127  .211  .157  .082  .043  .045  .059  .047  .043  .073  .105
fcpg=  .210  .314  .225  .117  .049  .026  .020  .011  .006  .015  .007
fcpg=  .275  .342  .198  .078  .031  .024  .018  .017  .007  .005  .005
fcpg=  .119  .212  .163  .070  .044  .047  .047  .047  .056  .093  .093
fcpg=  .220  .311  .220  .122  .046  .032  .015  .008  .010  .012  .004
fcpg=  .278  .342  .183  .086  .026  .024  .032  .017  .010  .001  .000
fcpg=  .118  .195  .162  .099  .041  .067  .055  .048  .056  .065  .087
fcpg=  .207  .326  .232  .117  .046  .023  .019  .007  .010  .008  .007
fcpg=  .299  .345  .192  .069  .027  .020  .020  .009  .013  .006  .001
fcpg=  .104  .192  .170  .092  .045  .044  .065  .053  .061  .074  .092
