fcpg=  .020  .062  .102  .117  .133  .143  .118  .073  .058  .040  .135
fcpg=  .095  .141  .137  .106  .114  .094  .070  .063  .043  .048  .088
fcpg=  .067  .146  .159  .134  .116  .094  .066  .060  .042  .043  .064
fcpg=  .036  .058  .099  .113  .127  .142  .115  .081  .059  .051  .119
fcpg=  .104  .160  .152  .116  .095  .087  .080  .050  .049  .040  .068
fcpg=  .054  .134  .159  .133  .096  .087  .075  .059  .049  .060  .087
fcpg=  .034  .059  .094  .106  .121  .150  .112  .086  .062  .056  .119
fcpg=  .115  .165  .170  .127  .088  .084  .079  .054  .045  .035  .039
fcpg=  .044  .084  .115  .123  .091  .092  .087  .084  .067  .086  .119
fcpg=  .021  .061  .101  .117  .122  .129  .109  .079  .055  .053  .154
fcpg=  .110  .188  .191  .133  .092  .073  .062  .036  .038  .036  .040
fcpg=  .032  .085  .125  .101  .079  .072  .064  .055  .064  .077  .239
fcpg=  .026  .073  .134  .149  .143  .121  .101  .065  .040  .035  .113
fcpg=  .139  .240  .203  .134  .075  .054  .037  .030  .034  .020  .033
fcpg=  .048  .108  .136  .114  .105  .077  .057  .053  .054  .062  .178
fcpg=  .035  .087  .127  .152  .142  .132  .093  .069  .040  .035  .087
fcpg=  .172  .239  .195  .125  .070  .043  .043  .032  .022  .025  .034
fcpg=  .048  .096  .131  .135  .098  .073  .062  .056  .045  .069  .180
fcpg=  .046  .116  .144  .172  .157  .112  .084  .054  .039  .029  .047
fcpg=  .181  .265  .189  .135  .083  .043  .026  .021  .018  .021  .017
fcpg=  .060  .104  .134  .142  .110  .082  .066  .054  .054  .057  .129
fcpg=  .065  .146  .175  .167  .140  .102  .072  .050  .025  .022  .034
fcpg=  .185  .267  .217  .134  .071  .033  .029  .019  .020  .018  .006
fcpg=  .054  .141  .155  .152  .109  .069  .054  .046  .044  .067  .101
fcpg=  .076  .149  .194  .177  .139  .110  .077  .038  .024  .009  .007
fcpg=  .179  .279  .238  .134  .071  .033  .025  .017  .014  .009  .003
fcpg=  .058  .143  .205  .174  .118  .077  .059  .044  .041  .031  .042
fcpg=  .075  .169  .201  .174  .121  .096  .079  .048  .018  .012  .008
fcpg=  .193  .289  .226  .130  .063  .033  .023  .016  .016  .006  .005
fcpg=  .051  .130  .171  .152  .104  .075  .060  .051  .049  .052  .097
fcpg=  .076  .174  .204  .170  .129  .093  .069  .036  .026  .015  .008
fcpg=  .197  .297  .237  .133  .062  .025  .022  .012  .012  .003  .000
fcpg=  .051  .142  .180  .141  .102  .069  .059  .038  .053  .048  .109
fcpg=  .076  .175  .207  .176  .118  .076  .054  .035  .028  .033  .023
fcpg=  .195  .297  .214  .139  .063  .026  .020  .011  .009  .015  .011
fcpg=  .050  .128  .154  .141  .089  .054  .048  .047  .047  .070  .164
fcpg=  .096  .193  .204  .165  .103  .081  .058  .038  .022  .021  .021
fcpg=  .213  .306  .231  .129  .047  .018  .016  .009  .009  .011  .011
fcpg=  .056  .138  .171  .137  .078  .060  .053  .053  .052  .056  .138
fcpg=  .096  .189  .217  .158  .106  .071  .052  .034  .026  .017  .037
fcpg=  .203  .332  .229  .114  .044  .019  .015  .007  .006  .011  .020
fcpg=  .073  .157  .191  .136  .100  .061  .046  .030  .022  .023  .154
fcpg=  .091  .206  .226  .174  .096  .067  .042  .029  .024  .016  .030
fcpg=  .218  .310  .236  .108  .053  .019  .013  .010  .012  .010  .010
fcpg=  .078  .151  .163  .130  .085  .059  .045  .041  .049  .050  .141
fcpg=  .097  .218  .221  .155  .098  .067  .043  .029  .018  .020  .034
fcpg=  .236  .321  .222  .110  .035  .023  .013  .008  .010  .006  .014
fcpg=  .082  .161  .188  .127  .081  .053  .041  .039  .038  .040  .141
fcpg=  .117  .225  .235  .171  .095  .053  .028  .024  .019  .012  .021
fcpg=  .226  .327  .220  .110  .041  .023  .016  .012  .008  .013  .004
fcpg=  .075  .157  .171  .126  .079  .058  .054  .055  .047  .075  .094
fcpg=  .120  .261  .241  .165  .077  .043  .030  .020  .014  .014  .017
fcpg=  .217  .330  .243  .109  .038  .023  .014  .008  .005  .010  .002
fcpg=  .074  .171  .174  .132  .077  .073  .055  .043  .045  .069  .080
fcpg=  .141  .257  .243  .161  .075  .044  .028  .015  .015  .013  .008
fcpg=  .250  .326  .237  .102  .034  .023  .013  .008  .004  .002  .000
fcpg=  .080  .169  .190  .118  .072  .064  .051  .057  .071  .059  .062
fcpg=  .158  .251  .251  .154  .069  .037  .022  .019  .014  .013  .011
fcpg=  .228  .362  .218  .090  .041  .023  .017  .008  .003  .006  .003
fcpg=  .088  .201  .177  .114  .062  .046  .043  .040  .037  .080  .105
fcpg=  .148  .263  .256  .147  .071  .036  .019  .018  .019  .016  .007
fcpg=  .262  .335  .228  .095  .032  .023  .012  .006  .004  .003  .000
fcpg=  .104  .193  .188  .104  .059  .046  .044  .041  .054  .057  .101
fcpg=  .152  .267  .248  .149  .066  .035  .027  .019  .019  .013  .007
fcpg=  .248  .321  .220  .106  .045  .025  .011  .009  .003  .008  .004
fcpg=  .084  .178  .173  .120  .067  .046  .036  .048  .050  .063  .127
fcpg=  .158  .273  .247  .137  .067  .033  .025  .026  .018  .012  .003
fcpg=  .255  .327  .219  .105  .037  .022  .015  .009  .006  .005  .000
fcpg=  .090  .180  .175  .126  .050  .037  .042  .047  .053  .090  .102
fcpg=  .165  .267  .248  .146  .073  .028  .023  .018  .017  .009  .007
fcpg=  .239  .344  .216  .099  .039  .022  .009  .009  .005  .012  .006
fcpg=  .097  .190  .172  .102  .057  .045  .035  .043  .052  .075  .125
fcpg=  .167  .262  .260  .145  .062  .031  .026  .015  .013  .012  .007
fcpg=  .253  .334  .209  .098  .033  .027  .016  .011  .013  .006  .000
fcpg=  .095  .191  .176  .096  .049  .047  .045  .043  .055  .064  .132
fcpg=  .158  .285  .244  .156  .068  .029  .017  .015  .014  .004  .010
fcpg=  .273  .320  .207  .087  .033  .024  .013  .014  .011  .008  .011
fcpg=  .086  .189  .157  .097  .057  .045  .051  .054  .058  .058  .140
fcpg=  .173  .277  .258  .140  .061  .029  .021  .014  .008  .010  .008
fcpg=  .270  .328  .211  .089  .033  .013  .016  .018  .015  .005  .002
fcpg=  .083  .174  .164  .102  .059  .042  .042  .055  .061  .072  .137
fcpg=  .184  .285  .242  .145  .067  .022  .017  .016  .007  .005  .011
fcpg=  .250  .330  .202  .102  .032  .022  .014  .013  .012  .015  .010
fcpg=  .095  .166  .143  .095  .060  .043  .050  .060  .055  .070  .155
fcpg=  .187  .296  .236  .126  .058  .029  .020  .015  .011  .012  .009
fcpg=  .266  .313  .204  .086  .033  .027  .024  .022  .014  .009  .003
fcpg=  .094  .154  .139  .082  .047  .052  .050  .059  .058  .084  .172
fcpg=  .198  .288  .230  .117  .066  .029  .018  .019  .013  .008  .014
fcpg=  .276  .324  .189  .079  .033  .025  .023  .019  .007  .009  .017
fcpg=  .083  .143  .128  .068  .041  .056  .073  .065  .057  .066  .212
fcpg=  .171  .298  .244  .128  .061  .030  .019  .021  .012  .008  .010
fcpg=  .280  .299  .194  .077  .029  .033  .035  .025  .016  .009  .004
fcpg=  .061  .135  .120  .075  .045  .064  .077  .072  .061  .076  .204
fcpg=  .191  .294  .229  .133  .053  .025  .016  .020  .017  .009  .014
fcpg=  .273  .326  .188  .072  .028  .032  .024  .025  .015  .007  .011
fcpg=  .066  .130  .103  .067  .055  .063  .063  .066  .076  .062  .240
