fcpg=  .016  .053  .089  .112  .122  .132  .131  .087  .065  .045  .148
fcpg=  .102  .145  .146  .133  .102  .099  .091  .046  .043  .039  .055
fcpg=  .044  .107  .147  .136  .115  .098  .095  .054  .058  .047  .089
fcpg=  .017  .050  .105  .119  .131  .155  .121  .080  .056  .048  .117
fcpg=  .124  .165  .169  .122  .096  .080  .067  .055  .029  .028  .064
fcpg=  .052  .091  .150  .152  .131  .114  .072  .063  .049  .032  .084
fcpg=  .032  .081  .139  .131  .137  .119  .105  .077  .046  .049  .086
fcpg=  .138  .188  .166  .126  .093  .072  .064  .059  .032  .026  .036
fcpg=  .051  .108  .150  .134  .119  .098  .071  .067  .049  .064  .081
fcpg=  .043  .091  .126  .145  .151  .130  .102  .068  .039  .039  .067
fcpg=  .142  .192  .183  .140  .089  .074  .055  .043  .029  .027  .024
fcpg=  .053  .116  .151  .136  .116  .107  .078  .070  .042  .052  .070
fcpg=  .048  .102  .147  .164  .145  .126  .093  .061  .041  .036  .037
fcpg=  .144  .218  .198  .149  .083  .068  .049  .031  .019  .023  .019
fcpg=  .064  .149  .176  .160  .116  .089  .060  .040  .037  .035  .066
fcpg=  .062  .130  .167  .163  .139  .110  .085  .051  .035  .030  .027
fcpg=  .142  .218  .200  .139  .086  .068  .052  .034  .025  .019  .016
fcpg=  .069  .140  .161  .129  .082  .082  .072  .056  .045  .054  .102
fcpg=  .059  .131  .175  .173  .144  .114  .072  .043  .031  .029  .027
fcpg=  .145  .222  .209  .130  .081  .064  .054  .034  .029  .014  .019
fcpg=  .057  .118  .136  .111  .089  .076  .063  .058  .053  .063  .168
fcpg=  .060  .138  .184  .181  .133  .097  .073  .049  .033  .024  .027
fcpg=  .165  .253  .202  .132  .062  .053  .042  .031  .023  .024  .014
fcpg=  .050  .114  .142  .127  .076  .061  .064  .049  .058  .082  .168
fcpg=  .069  .169  .198  .171  .122  .086  .066  .047  .027  .019  .026
fcpg=  .162  .255  .228  .142  .074  .045  .035  .022  .018  .008  .010
fcpg=  .061  .134  .150  .128  .075  .061  .068  .054  .065  .061  .135
fcpg=  .084  .166  .196  .170  .119  .079  .056  .047  .029  .021  .033
fcpg=  .184  .267  .227  .130  .068  .044  .033  .013  .008  .011  .015
fcpg=  .074  .130  .153  .121  .084  .056  .050  .046  .045  .057  .174
fcpg=  .093  .185  .210  .167  .118  .068  .062  .042  .023  .016  .017
fcpg=  .182  .298  .245  .132  .056  .036  .015  .008  .011  .009  .008
fcpg=  .064  .144  .167  .126  .092  .069  .049  .048  .040  .063  .130
fcpg=  .096  .205  .214  .173  .111  .064  .040  .044  .028  .014  .014
fcpg=  .177  .308  .256  .131  .048  .025  .015  .012  .011  .010  .007
fcpg=  .087  .173  .187  .132  .084  .063  .050  .042  .042  .038  .095
fcpg=  .104  .213  .233  .176  .105  .050  .040  .026  .027  .018  .009
fcpg=  .180  .324  .258  .131  .045  .022  .015  .011  .008  .005  .002
fcpg=  .070  .175  .190  .136  .075  .054  .056  .064  .062  .059  .050
fcpg=  .118  .233  .248  .176  .084  .042  .035  .018  .022  .013  .011
fcpg=  .199  .331  .247  .118  .047  .018  .015  .007  .006  .008  .005
fcpg=  .087  .177  .182  .133  .079  .060  .060  .042  .040  .062  .070
fcpg=  .128  .243  .260  .172  .071  .041  .030  .021  .018  .012  .004
fcpg=  .182  .317  .253  .125  .057  .026  .013  .011  .006  .008  .002
fcpg=  .071  .167  .193  .137  .083  .062  .050  .048  .060  .075  .046
fcpg=  .122  .259  .222  .166  .086  .047  .033  .023  .018  .015  .010
fcpg=  .202  .298  .244  .132  .048  .024  .010  .016  .012  .009  .004
fcpg=  .060  .166  .178  .147  .081  .063  .045  .050  .049  .059  .092
fcpg=  .133  .243  .244  .162  .083  .043  .027  .019  .023  .014  .009
fcpg=  .208  .305  .236  .131  .048  .027  .013  .010  .008  .008  .007
fcpg=  .065  .166  .179  .135  .075  .058  .045  .041  .051  .061  .115
fcpg=  .123  .252  .239  .157  .090  .038  .026  .023  .020  .015  .017
fcpg=  .216  .313  .222  .110  .050  .030  .014  .009  .006  .003  .027
fcpg=  .081  .167  .178  .121  .075  .047  .039  .039  .043  .038  .162
fcpg=  .135  .268  .236  .156  .070  .041  .028  .021  .016  .015  .015
fcpg=  .231  .320  .223  .101  .041  .033  .013  .009  .011  .005  .012
fcpg=  .085  .165  .169  .115  .071  .056  .044  .041  .054  .060  .133
fcpg=  .138  .276  .234  .163  .071  .033  .025  .021  .015  .009  .015
fcpg=  .222  .319  .204  .100  .041  .033  .024  .017  .009  .006  .025
fcpg=  .075  .177  .175  .115  .071  .056  .045  .051  .035  .035  .156
fcpg=  .153  .272  .234  .157  .071  .037  .024  .021  .016  .008  .005
fcpg=  .241  .317  .208  .096  .038  .023  .024  .021  .008  .009  .015
fcpg=  .086  .150  .151  .117  .076  .059  .059  .053  .055  .053  .133
fcpg=  .147  .277  .247  .149  .071  .034  .028  .022  .011  .009  .004
fcpg=  .248  .325  .205  .083  .036  .026  .023  .019  .009  .010  .017
fcpg=  .082  .159  .152  .100  .079  .064  .062  .058  .053  .055  .128
fcpg=  .152  .278  .241  .150  .074  .040  .024  .017  .013  .007  .007
fcpg=  .252  .325  .206  .093  .029  .022  .022  .020  .014  .009  .006
fcpg=  .082  .154  .147  .103  .068  .057  .064  .064  .061  .085  .106
fcpg=  .150  .272  .264  .153  .060  .034  .018  .022  .016  .010  .002
fcpg=  .260  .336  .204  .084  .031  .024  .016  .013  .011  .012  .009
fcpg=  .102  .179  .143  .104  .059  .055  .055  .054  .067  .071  .103
fcpg=  .147  .290  .253  .156  .060  .029  .025  .019  .012  .005  .003
fcpg=  .282  .332  .196  .080  .026  .027  .027  .018  .005  .005  .003
fcpg=  .101  .169  .163  .109  .061  .052  .068  .063  .055  .079  .071
fcpg=  .164  .293  .252  .142  .054  .025  .021  .022  .010  .010  .006
fcpg=  .274  .340  .202  .075  .031  .017  .017  .014  .010  .011  .009
fcpg=  .102  .184  .175  .092  .051  .047  .044  .056  .050  .105  .086
fcpg=  .171  .293  .256  .145  .053  .024  .025  .011  .010  .008  .004
fcpg=  .271  .332  .203  .081  .030  .020  .027  .009  .019  .008  .000
fcpg=  .111  .183  .159  .091  .047  .042  .065  .056  .066  .104  .067
fcpg=  .187  .305  .238  .130  .059  .027  .015  .015  .006  .010  .009
fcpg=  .283  .345  .189  .075  .023  .017  .021  .013  .015  .011  .008
fcpg=  .113  .186  .149  .082  .042  .043  .052  .063  .063  .098  .099
fcpg=  .179  .330  .249  .116  .058  .022  .012  .008  .011  .007  .009
fcpg=  .272  .339  .207  .075  .028  .014  .026  .024  .012  .003  .000
fcpg=  .133  .192  .147  .065  .042  .041  .059  .066  .063  .093  .090
fcpg=  .200  .324  .237  .123  .046  .022  .013  .008  .008  .011  .008
fcpg=  .294  .323  .192  .073  .035  .020  .032  .015  .006  .006  .004
fcpg=  .117  .178  .128  .077  .044  .042  .074  .056  .060  .101  .115
fcpg=  .220  .334  .227  .106  .046  .025  .012  .009  .009  .008  .005
fcpg=  .288  .332  .196  .068  .033  .035  .030  .014  .003  .002  .000
fcpg=  .113  .179  .148  .071  .037  .067  .074  .073  .062  .092  .076
fcpg=  .244  .317  .228  .092  .037  .024  .024  .009  .014  .010  .003
fcpg=  .308  .349  .191  .069  .021  .020  .018  .011  .010  .003  .001
fcpg=  .136  .180  .136  .071  .040  .052  .064  .062  .084  .100  .066
