2000sum 1.0000 0.9998 0.9998   0.00   1.39   1.42  14.03 1.0000 0.9999 0.9999   0.00   1.31   1.42  48.96 
2000fal 1.0000 0.9999 0.9999   0.00   1.37   1.38  17.80 1.0000 0.9999 0.9999   0.00   1.21   1.38  52.33 
0001win 1.0000 0.9999 0.9999   0.04   1.43   1.45  16.79 1.0000 0.9999 0.9999   0.05   1.15   1.28  36.76 
2001spr 1.0000 0.9999 0.9999   0.00   1.33   1.36  13.23 1.0000 0.9999 0.9999   0.00   1.23   1.32  37.31 
2001sum 1.0000 0.9999 0.9999   0.00   1.16   1.17  10.24 1.0000 0.9999 0.9999   0.00   1.36   1.46  40.53 
2001fal 1.0000 0.9999 0.9999   0.00   1.34   1.36  12.42 1.0000 0.9999 0.9999   0.00   1.34   1.44  37.34 
0102win 1.0000 0.9999 0.9999   0.00   1.46   1.48  16.06 1.0000 0.9999 0.9999   0.00   1.23   1.31  34.42 
2002spr 1.0000 0.9999 0.9999   0.00   1.43   1.44  14.37 1.0000 0.9999 0.9999   0.00   1.57   1.67  41.75 
2002sum 1.0000 0.9999 0.9999   0.00   1.13   1.14  10.60 1.0000 0.9999 0.9999   0.00   1.37   1.48  45.20 
2002fal 1.0000 0.9999 0.9999   0.00   1.63   1.64  12.65 1.0000 0.9999 0.9999   0.00   1.48   1.58  41.76 
0203win 1.0000 0.9998 0.9998   0.00   2.39   2.40  16.67 1.0000 0.9998 0.9998   0.00   1.72   1.79  34.20 
2003spr 1.0000 0.9998 0.9998   0.00   2.17   2.18  13.15 1.0000 0.9999 0.9999   0.00   1.81   1.87  33.28 
2003sum 1.0000 0.9996 0.9996   0.00   1.93   1.94   8.85 1.0000 0.9999 0.9999   0.00   1.89   1.92  25.13 
2003fal 1.0000 0.9998 0.9998   0.00   1.97   1.97  10.86 1.0000 0.9999 0.9999   0.00   1.70   1.72  23.17 
0304win 1.0000 0.9999 0.9999   0.00   1.24   1.25  13.51 1.0000 1.0000 1.0000   0.00   0.87   0.88  23.92 
2000sum 0.9892 0.9874 0.9862  10.08  10.98  11.41  18.82 0.9886 0.9873 0.9795  17.16  18.25  23.08  55.98 
2000fal 0.9910 0.9901 0.9887  11.82  12.55  13.27  24.07 0.9867 0.9860 0.9721  16.13  16.72  23.42  59.65 
0001win 0.9916 0.9908 0.9904  13.58  14.23  14.42  22.80 0.9843 0.9837 0.9765  14.74  15.40  17.84  43.70 
2001spr 0.9927 0.9920 0.9918  11.31  11.89  11.94  18.60 0.9888 0.9881 0.9835  15.63  16.30  18.85  44.70 
2001sum 0.9920 0.9910 0.9906   8.86   9.32   9.26  14.38 0.9898 0.9889 0.9839  15.94  16.52  19.92  48.13 
2001fal 0.9932 0.9923 0.9920  11.15  11.57  11.56  18.11 0.9882 0.9874 0.9814  15.80  16.13  19.15  44.01 
0102win 0.9932 0.9926 0.9924  13.62  13.92  13.85  22.80 0.9891 0.9881 0.9832  13.65  14.28  16.48  41.12 
2002spr 0.9935 0.9929 0.9925  11.66  11.97  12.00  20.20 0.9910 0.9901 0.9830  15.23  15.75  20.22  49.82 
2002sum 0.9923 0.9913 0.9908   8.99   9.23   9.33  14.97 0.9898 0.9890 0.9809  17.21  17.59  22.60  52.87 
2002fal 0.9931 0.9920 0.9917  11.29  11.85  11.92  18.22 0.9903 0.9892 0.9822  14.80  15.46  19.54  49.15 
0203win 0.9920 0.9904 0.9903  14.49  15.42  15.46  22.94 0.9889 0.9864 0.9813  13.06  14.42  17.12  40.55 
2003spr 0.9932 0.9914 0.9912  12.22  13.33  13.25  18.06 0.9909 0.9888 0.9841  13.92  15.60  18.75  40.61 
2003sum 0.9908 0.9878 0.9877   9.96  10.85  10.79  12.46 0.9912 0.9891 0.9878  15.23  16.93  17.91  31.03 
2003fal 0.9935 0.9918 0.9917  11.64  12.41  12.40  16.29 0.9911 0.9891 0.9877  13.82  15.34  16.37  28.84 
0304win 0.9917 0.9905 0.9904  14.17  14.85  14.79  19.23 0.9897 0.9875 0.9851  12.54  13.80  15.18  29.88 
2000sum 0.9652 0.9601 0.9563  17.80  19.29  20.13  23.32 0.9612 0.9574 0.9364  30.93  32.67  39.59  62.28 
2000fal 0.9671 0.9647 0.9605  22.00  22.90  24.16  30.61 0.9546 0.9526 0.9141  29.41  30.21  39.94  66.03 
0001win 0.9700 0.9682 0.9683  25.11  25.73  25.73  29.16 0.9502 0.9478 0.9305  26.42  27.58  31.02  50.67 
2001spr 0.9725 0.9702 0.9701  21.43  22.14  22.05  24.18 0.9605 0.9581 0.9470  28.76  29.86  33.40  52.37 
2001sum 0.9730 0.9708 0.9696  15.91  16.47  16.49  18.44 0.9640 0.9606 0.9480  29.93  31.12  35.64  55.61 
2001fal 0.9771 0.9750 0.9737  20.17  20.55  20.83  24.34 0.9604 0.9581 0.9412  28.46  28.91  33.39  50.67 
0102win 0.9769 0.9752 0.9743  24.51  24.73  24.78  29.92 0.9638 0.9604 0.9460  24.48  25.55  29.14  48.10 
2002spr 0.9769 0.9751 0.9739  21.33  21.56  21.69  26.39 0.9681 0.9648 0.9443  28.19  29.30  36.29  57.98 
2002sum 0.9733 0.9704 0.9686  16.37  16.75  16.99  19.38 0.9674 0.9647 0.9432  30.17  31.00  38.50  60.25 
2002fal 0.9772 0.9747 0.9737  20.44  20.93  21.12  24.53 0.9685 0.9652 0.9469  26.10  27.36  33.35  56.03 
0203win 0.9777 0.9748 0.9737  24.06  24.68  25.09  29.53 0.9673 0.9625 0.9483  22.09  23.87  28.24  46.82 
2003spr 0.9784 0.9747 0.9739  21.10  22.25  22.24  23.44 0.9709 0.9661 0.9510  24.50  26.46  32.03  48.04 
2003sum 0.9744 0.9695 0.9693  15.97  16.76  16.72  16.41 0.9725 0.9680 0.9651  26.64  28.61  29.83  37.50 
2003fal 0.9805 0.9776 0.9770  20.05  20.59  20.81  22.77 0.9716 0.9677 0.9639  24.15  25.86  27.23  34.72 
0304win 0.9742 0.9720 0.9715  24.69  25.32  25.20  25.90 0.9700 0.9670 0.9602  21.25  22.46  24.55  35.62 
2000sum 0.9168 0.9091 0.9042  27.14  28.75  29.38  28.37 0.9114 0.9062 0.8749  45.91  47.27  53.62  67.91 
2000fal 0.9210 0.9158 0.9107  33.96  34.94  35.87  37.29 0.9002 0.8973 0.8359  42.75  43.53  53.04  71.16 
0001win 0.9278 0.9251 0.9290  38.57  39.07  38.10  36.05 0.8949 0.8896 0.8669  38.30  39.64  42.38  56.75 
2001spr 0.9296 0.9258 0.9288  33.51  33.97  33.05  30.38 0.9115 0.9074 0.8904  42.55  43.48  46.56  59.09 
2001sum 0.9336 0.9322 0.9317  24.86  25.00  24.73  23.48 0.9193 0.9124 0.8945  43.90  45.28  49.40  62.03 
2001fal 0.9434 0.9404 0.9387  31.28  31.49  31.58  31.63 0.9144 0.9103 0.8841  40.96  41.50  45.84  56.69 
0102win 0.9446 0.9416 0.9405  37.18  37.24  37.07  37.29 0.9232 0.9162 0.8922  35.02  36.34  40.26  54.43 
2002spr 0.9413 0.9382 0.9377  32.59  32.77  32.51  33.42 0.9292 0.9222 0.8867  41.70  43.17  50.74  65.22 
2002sum 0.9351 0.9278 0.9264  25.02  25.75  25.67  24.68 0.9262 0.9222 0.8910  44.31  44.89  52.21  66.60 
2002fal 0.9446 0.9408 0.9411  31.49  31.88  31.57  31.81 0.9312 0.9245 0.8962  37.80  39.42  45.73  61.92 
0203win 0.9479 0.9429 0.9412  36.12  36.74  36.94  36.74 0.9299 0.9219 0.8983  32.13  34.10  38.87  52.24 
2003spr 0.9472 0.9415 0.9421  31.33  32.39  31.87  29.81 0.9310 0.9208 0.8954  37.38  39.83  45.63  55.17 
2003sum 0.9379 0.9300 0.9320  23.60  24.55  24.04  21.17 0.9360 0.9281 0.9272  40.67  42.46  42.49  44.43 
2003fal 0.9519 0.9475 0.9477  30.59  31.23  31.06  30.32 0.9364 0.9278 0.9231  35.59  37.70  38.56  41.01 
0304win 0.9385 0.9344 0.9358  36.94  37.77  36.94  33.34 0.9341 0.9309 0.9220  31.27  32.16  33.97  41.34 
2000sum 0.8404 0.8317 0.8297  37.20  38.53  38.16  33.05 0.8408 0.8367 0.8035  61.51  61.74  65.77  73.51 
2000fal 0.8485 0.8422 0.8398  47.15  47.75  47.52  43.58 0.8224 0.8208 0.7476  56.40  56.30  63.45  75.13 
0001win 0.8662 0.8603 0.8716  52.59  53.10  50.52  42.75 0.8161 0.8075 0.7900  50.95  52.24  52.56  61.66 
2001spr 0.8553 0.8532 0.8647  47.25  47.13  44.53  36.77 0.8420 0.8365 0.8200  57.07  57.87  58.96  65.01 
2001sum 0.8671 0.8693 0.8727  34.68  34.94  33.88  28.11 0.8522 0.8433 0.8232  59.04  60.27  62.57  67.33 
2001fal 0.8884 0.8848 0.8838  43.53  43.79  43.30  38.94 0.8536 0.8485 0.8180  53.08  53.76  56.88  61.92 
0102win 0.8875 0.8850 0.8860  51.74  51.56  50.49  44.39 0.8627 0.8532 0.8247  46.91  48.47  50.96  59.84 
2002spr 0.8784 0.8757 0.8772  45.48  45.51  44.50  40.22 0.8724 0.8654 0.8190  55.99  57.14  63.44  70.89 
2002sum 0.8675 0.8575 0.8600  35.14  36.09  35.20  29.53 0.8608 0.8581 0.8269  59.91  59.87  64.47  71.74 
2002fal 0.8916 0.8855 0.8902  43.91  44.59  43.18  39.06 0.8720 0.8615 0.8280  50.93  52.67  57.65  66.35 
0203win 0.8945 0.8885 0.8899  50.53  50.86  49.87  43.82 0.8716 0.8578 0.8298  43.20  45.41  49.04  56.43 
2003spr 0.8925 0.8850 0.8897  43.35  44.40  42.94  36.05 0.8697 0.8538 0.8244  50.90  53.69  57.89  61.20 
2003sum 0.8757 0.8687 0.8749  33.00  33.62  32.40  25.55 0.8768 0.8673 0.8732  56.63  57.85  55.77  51.28 
2003fal 0.8989 0.8920 0.8972  44.24  44.82  43.26  37.75 0.8801 0.8677 0.8627  48.23  50.36  50.41  47.13 
0304win 0.8831 0.8779 0.8858  50.31  51.01  48.55  40.80 0.8750 0.8721 0.8658  42.82  43.34  44.02  46.29 
2000sum 0.7306 0.7273 0.7319  47.53  47.99  46.00  37.58 0.7439 0.7442 0.7227  78.14  77.07  76.52  79.20 
2000fal 0.7558 0.7497 0.7554  60.60  60.61  58.06  49.92 0.7196 0.7190 0.6578  70.83  69.83  71.56  78.45 
0001win 0.7817 0.7777 0.7996  67.30  66.71  61.78  49.43 0.7184 0.7057 0.7049  64.05  64.82  61.69  65.89 
2001spr 0.7488 0.7555 0.7815  61.91  60.48  55.34  43.26 0.7541 0.7493 0.7393  71.05  71.48  69.82  69.89 
2001sum 0.7763 0.7851 0.7953  44.47  44.36  42.19  32.50 0.7664 0.7557 0.7403  74.03  75.14  74.65  71.67 
2001fal 0.8106 0.8056 0.8117  56.62  56.86  54.70  45.84 0.7756 0.7690 0.7429  65.24  65.90  66.60  65.91 
0102win 0.8097 0.8119 0.8174  66.40  65.17  62.59  51.08 0.7732 0.7647 0.7403  60.14  61.32  61.11  63.70 
2002spr 0.7860 0.7872 0.7950  58.97  58.47  55.77  46.55 0.7958 0.7921 0.7456  70.90  71.11  74.53  75.51 
2002sum 0.7711 0.7591 0.7713  46.08  46.79  44.40  34.09 0.7784 0.7802 0.7556  75.37  74.23  74.86  75.79 
2002fal 0.8092 0.8045 0.8201  58.04  58.25  54.90  46.30 0.7877 0.7716 0.7449  65.11  66.83  68.56  69.42 
0203win 0.8243 0.8181 0.8258  64.90  64.64  61.85  50.12 0.7939 0.7739 0.7532  54.60  56.86  57.80  59.36 
2003spr 0.8209 0.8114 0.8236  54.88  56.17  53.34  41.92 0.7831 0.7709 0.7438  65.58  67.23  68.97  66.06 
2003sum 0.7913 0.7920 0.8040  42.70  42.46  40.46  29.63 0.7974 0.7898 0.8086  72.55  72.60  67.64  57.50 
2003fal 0.8175 0.8104 0.8281  59.40  59.55  55.47  44.93 0.8030 0.7870 0.7863  61.46  63.41  61.68  52.69 
0304win 0.8071 0.8058 0.8217  64.53  63.71  59.61  47.71 0.7836 0.7851 0.7892  55.85  55.48  54.13  50.16 
2000sum 0.6009 0.5999 0.6206  57.44  57.29  52.93  41.52 0.6323 0.6259 0.6298  94.23  93.41  86.13  84.93 
2000fal 0.6419 0.6465 0.6674  74.27  72.94  67.10  56.25 0.6098 0.6134 0.5795  84.40  82.11  77.40  81.59 
0001win 0.6928 0.6919 0.7286  79.73  78.64  70.75  56.03 0.6005 0.5941 0.6169  77.20  76.50  69.13  69.62 
2001spr 0.6287 0.6462 0.6878  75.16  72.50  64.57  49.60 0.6624 0.6580 0.6522  83.60  82.99  78.58  74.49 
2001sum 0.6648 0.6855 0.7067  54.19  53.19  49.56  36.44 0.6666 0.6562 0.6511  88.39  88.51  84.56  75.37 
2001fal 0.7207 0.7103 0.7313  69.46  69.67  64.78  52.06 0.6886 0.6862 0.6687  76.25  76.16  73.87  68.81 
0102win 0.7246 0.7281 0.7461  79.32  77.47  72.19  57.15 0.6604 0.6552 0.6510  73.13  73.40  69.55  66.36 
2002spr 0.6685 0.6763 0.6985  72.09  70.60  65.19  52.31 0.7074 0.7061 0.6681  85.25  84.58  84.28  79.03 
2002sum 0.6557 0.6442 0.6756  56.41  56.43  51.86  38.14 0.6932 0.6973 0.6857  88.77  86.82  83.14  79.28 
2002fal 0.7088 0.7105 0.7434  71.66  70.82  64.64  52.91 0.6965 0.6810 0.6593  77.74  78.80  77.48  71.97 
0203win 0.7442 0.7382 0.7556  77.91  77.12  72.31  56.10 0.7066 0.6800 0.6726  64.40  66.76  64.94  61.84 
2003spr 0.7362 0.7254 0.7491  65.53  66.51  61.69  47.31 0.6738 0.6678 0.6546  80.91  81.04  78.89  70.16 
2003sum 0.6903 0.7009 0.7242  51.84  50.73  47.36  33.50 0.7102 0.7033 0.7366  86.68  85.88  78.39  63.30 
2003fal 0.7266 0.7179 0.7544  73.12  72.54  65.22  51.32 0.7031 0.6885 0.7061  74.74  76.01  70.85  58.01 
0304win 0.7107 0.7162 0.7440  78.72  76.60  70.18  54.32 0.6670 0.6775 0.6922  68.62  67.23  63.96  53.35 
2000sum 0.4791 0.4733 0.5131  65.50  64.99  58.08  44.90 0.5175 0.5102 0.5471 108.61 107.70  93.53  90.41 
2000fal 0.5270 0.5390 0.5812  86.39  84.43  74.85  62.19 0.4983 0.5123 0.5175  95.95  92.22  81.06  84.08 
0001win 0.6019 0.6003 0.6560  90.29  89.31  77.87  62.54 0.4730 0.4813 0.5234  89.42  86.88  75.02  72.60 
2001spr 0.5229 0.5390 0.5977  85.29  82.54  71.69  55.18 0.5607 0.5600 0.5636  95.98  94.65  85.89  78.87 
2001sum 0.5531 0.5782 0.6139  62.50  60.97  55.71  39.67 0.5605 0.5533 0.5619 101.71 100.89  92.92  78.36 
2001fal 0.6211 0.6099 0.6540  81.02  81.20  73.12  57.47 0.5952 0.6024 0.5954  86.59  85.18  80.03  71.01 
0102win 0.6422 0.6426 0.6708  89.78  88.09  80.48  62.40 0.5487 0.5483 0.5687  83.87  83.37  75.94  68.27 
2002spr 0.5449 0.5529 0.5957  84.07  81.88  73.10  56.82 0.6172 0.6142 0.5900  97.25  96.54  92.20  81.59 
2002sum 0.5494 0.5324 0.5852  64.78  64.49  57.69  41.69 0.6099 0.6192 0.6226  99.59  97.03  89.64  82.22 
2002fal 0.6079 0.6026 0.6611  83.55  83.01  73.31  58.28 0.5999 0.5841 0.5795  88.79  89.63  84.55  73.96 
0203win 0.6536 0.6489 0.6773  90.28  89.35  81.99  61.82 0.6054 0.5784 0.5840  74.07  75.83  71.02  64.08 
2003spr 0.6415 0.6260 0.6640  75.01  76.11  68.96  52.02 0.5637 0.5605 0.5667  94.88  94.41  87.34  73.81 
2003sum 0.5950 0.6007 0.6399  59.22  58.17  53.05  37.23 0.6095 0.6025 0.6541 100.29  99.46  88.66  68.88 
2003fal 0.6322 0.6235 0.6845  85.25  84.38  73.38  57.37 0.5938 0.5751 0.6138  86.55  87.61  78.75  62.48 
0304win 0.6123 0.6215 0.6661  91.33  88.82  79.45  60.16 0.5506 0.5749 0.5928  80.05  76.90  71.96  56.19 
2000sum 0.3791 0.3636 0.4174  70.96  71.25  62.02  47.84 0.4184 0.4263 0.4732 118.80 118.12  99.42  95.48 
2000fal 0.4182 0.4409 0.5044  95.71  94.38  80.85  67.93 0.3879 0.4011 0.4398 104.71 101.65  84.78  85.98 
0001win 0.5194 0.5213 0.5932  98.15  98.18  83.02  68.64 0.3822 0.3901 0.4440  97.18  95.26  79.46  75.24 
2001spr 0.4338 0.4422 0.5170  92.25  90.92  77.19  60.00 0.4607 0.4653 0.4857 106.27 105.60  92.25  82.70 
2001sum 0.4620 0.4708 0.5295  68.29  67.69  60.18  42.53 0.4612 0.4501 0.4750 111.29 111.59 100.07  80.82 
2001fal 0.5303 0.5172 0.5853  90.38  90.48  79.84  62.33 0.5076 0.5160 0.5351  94.97  93.62  84.61  72.79 
0102win 0.5550 0.5546 0.5907  99.10  97.66  87.86  67.23 0.4503 0.4618 0.4916  91.88  90.88  80.92  69.55 
2002spr 0.4357 0.4334 0.4983  92.77  91.66  79.40  60.48 0.5241 0.5100 0.5061 107.47 108.19  98.91  83.50 
2002sum 0.4556 0.4283 0.4949  71.33  71.36  62.50  44.79 0.5256 0.5320 0.5589 109.43 107.69  95.94  84.93 
2002fal 0.5112 0.5057 0.5849  93.12  92.49  80.18  63.04 0.5118 0.4935 0.5104  97.07  98.30  89.75  75.48 
0203win 0.5600 0.5545 0.6013 101.26 100.67  89.98  67.01 0.4994 0.4676 0.4888  83.01  84.92  76.85  65.99 
2003spr 0.5385 0.5224 0.5759  84.38  84.88  75.09  56.01 0.4686 0.4563 0.4863 105.77 105.84  94.09  77.10 
2003sum 0.5087 0.5074 0.5576  65.17  64.48  57.87  40.71 0.5166 0.5127 0.5800 110.72 109.97  96.11  74.25 
2003fal 0.5378 0.5282 0.6134  95.62  94.98  80.60  62.75 0.4897 0.4708 0.5162  96.90  97.48  85.54  66.18 
0304win 0.5178 0.5247 0.5879 102.22  99.77  87.22  65.67 0.4441 0.4681 0.5021  89.98  86.55  78.34  58.94 
2000sum 0.2943 0.2751 0.3335  75.63  76.66  65.22  50.53 0.3431 0.3522 0.4015 126.85 127.64 104.28  99.95 
2000fal 0.3394 0.3625 0.4372 103.49 102.65  85.58  73.19 0.3023 0.3037 0.3643 111.27 110.25  88.35  87.69 
0001win 0.4309 0.4521 0.5369 107.12 105.83  87.75  74.02 0.3115 0.3016 0.3769 103.42 102.85  82.87  77.30 
2001spr 0.3344 0.3492 0.4399  99.39  97.99  81.51  64.20 0.3632 0.3816 0.4221 116.50 114.91  97.18  86.05 
2001sum 0.3743 0.3739 0.4536  73.46  73.42  63.77  45.03 0.3604 0.3588 0.3837 120.42 119.58 105.58  82.99 
2001fal 0.4325 0.4226 0.5200  99.32  99.38  85.21  66.42 0.4150 0.4304 0.4766 102.64 100.89  88.13  74.37 
0102win 0.4761 0.4776 0.5205 107.42 106.20  93.40  72.14 0.3689 0.3845 0.4214  98.55  97.29  85.52  70.49 
2002spr 0.3411 0.3328 0.4195  99.26  99.32  83.67  63.43 0.4373 0.4150 0.4312 115.97 117.30 104.45  85.08 
2002sum 0.3755 0.3414 0.4245  76.05  76.60  65.63  47.47 0.4389 0.4461 0.5002 119.34 117.67 101.46  87.43 
2002fal 0.4240 0.4253 0.5160 101.01 100.10  85.72  67.27 0.4230 0.4095 0.4411 104.73 105.36  93.95  76.76 
0203win 0.4705 0.4727 0.5320 110.98 109.51  96.23  71.89 0.3966 0.3657 0.4041  91.34  93.20  81.96  67.49 
2003spr 0.4288 0.4345 0.4950  92.42  91.45  79.60  59.42 0.3891 0.3748 0.4136 114.52 114.31  99.26  80.04 
2003sum 0.4241 0.4209 0.4843  70.63  70.24  61.59  43.55 0.4337 0.4347 0.5082 119.76 118.31 101.92  79.18 
2003fal 0.4524 0.4390 0.5415 104.17 103.90  86.83  67.38 0.4004 0.3948 0.4346 104.85 104.32  90.49  69.34 
0304win 0.4303 0.4340 0.5152 111.37 109.01  93.24  70.68 0.3555 0.3740 0.4199  97.48  95.13  83.76  61.67 
2000sum 0.2407 0.2083 0.2668  78.81  81.09  67.60  52.91 0.2757 0.2968 0.3401 134.07 134.49 107.87 103.39 
2000fal 0.2964 0.2845 0.3776 108.61 109.94  89.26  77.55 0.2273 0.2320 0.3045 117.80 117.42  91.36  89.37 
0001win 0.3558 0.3702 0.4695 114.91 114.39  92.59  79.22 0.2515 0.2464 0.3188 108.21 107.74  85.49  78.80 
2001spr 0.2551 0.2713 0.3695 104.38 103.20  84.71  67.70 0.2932 0.3055 0.3585 123.65 122.75 101.17  89.13 
2001sum 0.3080 0.3001 0.3850  77.45  77.89  66.79  47.18 0.2787 0.2790 0.3062 126.84 125.99 109.43  85.13 
2001fal 0.3539 0.3412 0.4633 106.65 107.30  89.52  69.80 0.3488 0.3583 0.4337 107.06 106.93  90.60  75.32 
0102win 0.3977 0.4016 0.4492 115.69 114.37  98.62  76.72 0.2974 0.3135 0.3576 104.17 103.08  89.65  71.56 
2002spr 0.2684 0.2744 0.3645 103.64 103.07  86.01  65.68 0.3624 0.3347 0.3736 122.79 124.63 108.09  86.68 
2002sum 0.3119 0.2801 0.3768  79.73  80.49  67.61  49.70 0.3595 0.3723 0.4446 127.52 125.72 106.14  89.70 
2002fal 0.3436 0.3535 0.4463 108.64 107.31  90.81  70.91 0.3502 0.3342 0.3728 110.28 111.30  97.29  77.80 
0203win 0.3961 0.3920 0.4634 118.40 117.35 101.20  76.42 0.2964 0.2905 0.3357  99.31  99.36  85.88  68.66 
2003spr 0.3346 0.3488 0.4214  98.62  97.21  82.75  61.95 0.3204 0.2917 0.3444 121.54 122.17 103.63  82.38 
2003sum 0.3480 0.3410 0.4171  75.47  74.89  64.54  45.99 0.3601 0.3599 0.4375 127.73 126.02 106.88  83.71 
2003fal 0.3815 0.3680 0.4818 111.62 111.31  91.75  71.38 0.3111 0.3140 0.3585 111.62 110.49  94.31  72.33 
0304win 0.3535 0.3623 0.4426 119.45 116.61  98.67  75.16 0.2818 0.2904 0.3426 103.57 102.13  88.50  64.02 
2000sum 0.1934 0.1795 0.2171  82.34  83.66  69.18  54.82 0.2140 0.2445 0.2965 140.79 140.40 110.17 106.25 
2000fal 0.2367 0.2214 0.3219 114.94 116.07  92.18  81.38 0.1840 0.1903 0.2573 122.53 122.60  93.83  90.96 
0001win 0.2919 0.3009 0.4112 121.45 121.14  96.74  83.42 0.2132 0.1897 0.2557 110.95 112.65  88.10  80.10 
2001spr 0.2013 0.2171 0.3090 107.31 106.39  86.89  70.31 0.2380 0.2461 0.3016 129.19 128.45 104.27  92.01 
2001sum 0.2550 0.2432 0.3137  80.71  81.35  69.40  49.08 0.2113 0.2027 0.2462 132.53 133.12 112.84  87.53 
2001fal 0.2953 0.2717 0.4029 112.24 114.14  93.98  72.59 0.3082 0.3137 0.3988 109.91 111.25  92.60  76.40 
0102win 0.3169 0.3290 0.3776 123.65 121.86 103.41  80.31 0.2314 0.2458 0.2968 109.06 108.47  92.68  72.66 
2002spr 0.2025 0.2257 0.3089 107.48 105.51  87.77  67.39 0.3024 0.2853 0.3267 128.34 129.26 110.80  88.34 
2002sum 0.2660 0.2255 0.3390  82.38  83.99  69.27  51.66 0.3044 0.3201 0.3953 133.19 131.81 109.75  91.74 
2002fal 0.2852 0.2994 0.3892 114.60 112.68  94.49  73.98 0.2815 0.2659 0.3161 115.06 116.30  99.61  78.88 
0203win 0.3369 0.3254 0.3986 124.79 123.87 105.15  80.27 0.2145 0.2280 0.2673 105.95 104.74  89.23  69.84 
2003spr 0.2669 0.2733 0.3544 102.63 101.86  85.25  63.83 0.2564 0.2250 0.2920 127.77 128.85 107.04  84.64 
2003sum 0.2821 0.2636 0.3547  79.19  78.88  66.86  48.07 0.2826 0.2919 0.3698 135.69 132.76 111.18  88.01 
2003fal 0.3205 0.3118 0.4189 117.44 116.78  96.04  74.94 0.2319 0.2404 0.2944 117.47 115.88  96.89  75.05 
0304win 0.2827 0.2948 0.3699 126.15 123.46 103.55  79.24 0.2245 0.2215 0.2837 109.03 107.93  92.10  66.11 
2000sum 0.1472 0.1550 0.1932  85.79  85.56  70.04  56.44 0.1630 0.1907 0.2596 147.03 146.14 112.04 108.61 
2000fal 0.1982 0.1869 0.2740 119.85 120.48  94.55  84.83 0.1552 0.1635 0.2313 125.41 125.88  95.03  92.48 
0001win 0.2424 0.2571 0.3656 127.24 125.83  99.95  87.26 0.1738 0.1471 0.2132 113.36 115.86  89.60  81.40 
2001spr 0.1754 0.1815 0.2601 108.98 108.39  87.98  72.21 0.1819 0.2053 0.2554 135.10 133.85 106.88  94.82 
2001sum 0.2101 0.1998 0.2565  83.53  84.27  71.76  50.67 0.1641 0.1539 0.2000 136.36 137.81 114.77  89.69 
2001fal 0.2547 0.2200 0.3373 117.12 119.53  98.35  75.26 0.2641 0.2886 0.3781 113.51 114.50  93.70  77.48 
0102win 0.2584 0.2653 0.3182 128.82 127.83 107.15  83.44 0.1856 0.1990 0.2513 112.93 112.56  95.00  73.59 
2002spr 0.1423 0.1738 0.2586 110.39 107.83  88.86  68.59 0.2487 0.2465 0.2843 133.33 133.60 113.86  89.95 
2002sum 0.2196 0.1899 0.3048  85.23  86.32  70.59  53.38 0.2559 0.2770 0.3444 138.12 136.68 112.95  93.39 
2002fal 0.2418 0.2380 0.3369 119.01 118.09  97.59  76.72 0.2227 0.1989 0.2731 119.76 121.08 101.33  79.94 
0203win 0.2658 0.2704 0.3484 131.31 129.31 107.69  83.39 0.1490 0.1609 0.1909 111.41 110.61  92.75  70.95 
2003spr 0.2176 0.2120 0.3053 105.46 105.57  87.00  65.57 0.2033 0.1660 0.2421 132.93 134.85 110.03  87.06 
2003sum 0.2316 0.1933 0.2989  82.33  82.93  68.90  49.93 0.2181 0.2416 0.3162 142.07 137.80 114.28  91.64 
2003fal 0.2683 0.2633 0.3615 121.83 120.93  99.62  77.98 0.1732 0.1791 0.2425 121.70 120.55  98.70  77.54 
0304win 0.2325 0.2362 0.3075 130.50 128.94 107.22  82.91 0.1834 0.1873 0.2463 113.06 111.51  94.72  68.00 
2000sum 0.1064 0.1205 0.1636  88.48  88.12  71.37  57.60 0.1262 0.1545 0.2237 151.45 150.70 113.39 110.83 
2000fal 0.1899 0.1439 0.2449 122.54 125.77  96.25  87.73 0.1181 0.1275 0.1923 129.11 129.37  96.49  94.08 
0001win 0.1905 0.2264 0.3305 132.63 129.22 101.97  90.57 0.1254 0.1237 0.1808 116.40 116.74  90.58  82.81 
2001spr 0.1200 0.1612 0.2213 112.76 109.54  88.67  73.53 0.1394 0.1584 0.2154 140.13 139.45 109.20  97.35 
2001sum 0.1615 0.1591 0.2332  86.26  86.72  72.79  51.97 0.1224 0.1196 0.1558 139.55 140.93 116.36  91.79 
2001fal 0.2223 0.1858 0.2814 121.47 124.09 101.95  77.77 0.2319 0.2636 0.3573 116.30 117.65  95.02  78.63 
0102win 0.2140 0.2158 0.2700 132.27 132.46 109.04  86.34 0.1338 0.1579 0.2039 116.78 116.67  97.60  74.50 
2002spr 0.1040 0.1419 0.2303 111.73 109.09  89.06  69.41 0.1977 0.1977 0.2511 138.94 138.58 116.53  91.48 
2002sum 0.1785 0.1691 0.2828  87.64  87.89  71.50  54.79 0.2210 0.2156 0.3039 140.72 141.97 114.95  94.72 
2002fal 0.1940 0.1812 0.2968 123.23 122.64  99.49  79.09 0.1747 0.1510 0.2332 123.64 124.44 102.84  80.81 
0203win 0.2210 0.2215 0.3079 134.04 133.89 109.10  86.06 0.1049 0.1159 0.1377 115.17 114.98  95.18  72.11 
2003spr 0.1756 0.1649 0.2603 107.83 108.50  88.36  66.82 0.1612 0.1247 0.2142 136.71 139.25 111.40  89.40 
2003sum 0.1885 0.1499 0.2532  84.94  85.86  70.76  51.57 0.1714 0.1902 0.2687 145.64 142.84 116.35  94.97 
2003fal 0.2185 0.2044 0.3123 126.18 125.01 102.29  80.32 0.1369 0.1321 0.1964 124.08 123.80 100.24  79.72 
0304win 0.1809 0.2005 0.2500 134.78 132.33 110.09  85.96 0.1408 0.1509 0.2134 116.62 114.58  96.67  69.64 
2000sum 0.0824 0.0801 0.1273  90.20  90.99  72.81  58.77 0.1065 0.1266 0.1909 152.96 153.99 114.31 112.45 
2000fal 0.1759 0.1324 0.2270 124.96 128.16  97.33  90.16 0.1057 0.0908 0.1467 130.83 133.16  98.18  95.14 
0001win 0.1351 0.1913 0.3079 136.88 132.68 102.64  93.24 0.0938 0.0974 0.1503 119.07 118.87  91.77  84.00 
2001spr 0.0749 0.1235 0.1845 115.58 111.92  89.75  74.32 0.1174 0.1293 0.1890 142.76 143.22 110.84  99.51 
2001sum 0.1236 0.1239 0.2185  88.20  88.72  73.62  53.08 0.0889 0.0980 0.1309 142.50 144.26 117.60  94.18 
2001fal 0.1944 0.1565 0.2499 125.05 128.04 104.31  79.84 0.2233 0.2288 0.3445 117.44 120.14  95.69  79.97 
0102win 0.1789 0.1773 0.2381 135.16 136.22 110.05  88.65 0.1110 0.1195 0.1618 119.11 120.85  99.92  75.47 
2002spr 0.0927 0.1105 0.2058 111.10 110.11  89.47  69.96 0.1704 0.1583 0.2142 142.21 142.99 118.76  93.06 
2002sum 0.1480 0.1362 0.2545  89.56  89.80  72.47  56.07 0.1924 0.1762 0.2675 142.52 144.43 116.12  96.08 
2002fal 0.1511 0.1501 0.2575 127.23 126.17 101.46  81.42 0.1391 0.1292 0.2096 125.85 126.11 103.98  81.62 
0203win 0.1913 0.1943 0.2538 135.62 136.35 111.09  88.37 0.0764 0.0956 0.0939 117.54 117.54  97.29  73.25 
2003spr 0.1433 0.1383 0.2345 109.16 109.67  88.71  67.62 0.1390 0.0966 0.1864 138.78 142.90 113.13  91.87 
2003sum 0.1613 0.1106 0.2203  86.88  88.94  72.17  52.88 0.1369 0.1294 0.2123 148.33 148.26 118.31  98.23 
2003fal 0.1852 0.1615 0.2692 128.84 128.52 104.47  82.29 0.1200 0.1188 0.1641 125.42 125.11 101.39  81.51 
0304win 0.1380 0.1682 0.1947 139.09 136.30 112.76  88.67 0.1056 0.1100 0.1871 118.69 117.96  97.98  71.05 
2000sum 0.0730 0.0539 0.1082  91.05  92.71  73.75  59.77 0.0974 0.1036 0.1699 154.20 156.63 115.29 113.66 
2000fal 0.1502 0.1320 0.2040 127.45 129.08  98.62  91.91 0.0988 0.0840 0.1204 130.67 133.05  98.63  95.90 
0001win 0.1018 0.1605 0.2744 139.13 135.67 103.53  95.30 0.0822 0.0833 0.1513 119.93 120.29  91.85  84.65 
2001spr 0.0564 0.0919 0.1539 117.05 114.19  91.06  74.79 0.1072 0.1067 0.1701 143.47 145.92 112.12 101.55 
2001sum 0.1147 0.1049 0.2067  89.13  90.28  74.59  54.16 0.0673 0.0830 0.1227 144.71 146.93 118.13  96.18 
2001fal 0.1658 0.1402 0.2292 127.98 131.25 106.08  81.86 0.2042 0.2011 0.3342 119.15 121.83  96.10  81.27 
0102win 0.1391 0.1333 0.2132 138.15 140.47 111.03  90.61 0.0955 0.0970 0.1313 121.11 123.48 101.58  76.28 
2002spr 0.0811 0.1012 0.1822 111.11 109.95  89.93  70.29 0.1523 0.1272 0.1940 144.09 146.47 120.03  94.39 
2002sum 0.1155 0.1157 0.2258  91.34  90.97  73.50  57.17 0.1603 0.1615 0.2235 144.62 144.97 117.66  97.57 
2002fal 0.1217 0.1457 0.2260 130.07 128.57 103.36  83.51 0.1058 0.1072 0.1905 127.36 128.35 105.02  82.46 
0203win 0.1536 0.1597 0.2152 138.36 138.70 112.41  90.33 0.0559 0.0773 0.0586 119.40 119.13  98.93  74.44 
2003spr 0.1130 0.1166 0.2183 110.30 110.12  88.79  68.12 0.1056 0.0879 0.1601 142.10 145.33 114.89  94.21 
2003sum 0.1428 0.0874 0.1932  88.76  90.95  73.48  54.24 0.1170 0.0912 0.1728 150.50 151.60 119.66 100.78 
2003fal 0.1587 0.1341 0.2338 130.78 131.65 106.33  84.06 0.1111 0.1108 0.1571 126.21 126.33 101.37  83.07 
0304win 0.1051 0.1243 0.1502 142.45 140.81 114.65  91.14 0.0772 0.0852 0.1624 119.61 120.24  98.85  72.41 
