Reliability Diagram ( fhr 132-156 )
Forcast Probability (%)
Observes Frequency (%)
0.0 100.0 0.0 100.0
0.0 10.0 0.0 10.0
21 2 1
   .0  1.0
  5.0  4.9
 10.0  9.2
 15.0 12.3
 20.0 15.8
 25.0 17.5
 30.0 20.1
 35.0 23.4
 40.0 27.1
 45.0 29.1
 50.0 32.5
 55.0 35.7
 60.0 40.6
 65.0 42.8
 70.0 45.0
 75.0 49.9
 80.0 49.7
 85.0 54.3
 90.0 58.0
 95.0 62.9
100.0 68.5
   .0  2.3
  5.0  9.8
 10.0 15.5
 15.0 19.9
 20.0 26.1
 25.0 29.3
 30.0 34.3
 35.0 37.4
 40.0 42.5
 45.0 46.1
 50.0 48.1
 55.0 52.6
 60.0 55.3
 65.0 56.9
 70.0 57.0
 75.0 66.0
 80.0 65.2
 85.0 72.6
 90.0 74.3
 95.0 76.7
100.0 81.1
