Reliability Diagram ( fhr 324-348 )
Forcast Probability (%)
Observes Frequency (%)
0.0 100.0 0.0 100.0
0.0 10.0 0.0 10.0
21 2 1
   .0   .8
  5.0  3.9
 10.0  7.8
 15.0  9.8
 20.0 14.3
 25.0 16.9
 30.0 19.7
 35.0 23.0
 40.0 27.0
 45.0 29.0
 50.0 33.8
 55.0 37.0
 60.0 38.1
 65.0 42.0
 70.0 44.2
 75.0 48.1
 80.0 49.1
 85.0 51.9
 90.0 57.5
 95.0 57.7
100.0 66.5
   .0  1.9
  5.0  7.5
 10.0 13.4
 15.0 18.0
 20.0 23.9
 25.0 28.6
 30.0 33.8
 35.0 36.9
 40.0 42.0
 45.0 45.0
 50.0 48.2
 55.0 53.5
 60.0 53.9
 65.0 56.8
 70.0 60.6
 75.0 60.8
 80.0 67.0
 85.0 65.0
 90.0 62.1
 95.0 62.7
100.0 75.0
