Reliability Diagram ( fhr 252-276 )
Forcast Probability (%)
Observes Frequency (%)
0.0 100.0 0.0 100.0
0.0 10.0 0.0 10.0
21 2 1
   .0   .9
  5.0  4.2
 10.0  7.3
 15.0  9.9
 20.0 14.1
 25.0 18.4
 30.0 20.5
 35.0 22.7
 40.0 25.7
 45.0 29.2
 50.0 32.4
 55.0 35.3
 60.0 36.9
 65.0 41.1
 70.0 42.1
 75.0 45.6
 80.0 47.6
 85.0 49.0
 90.0 55.4
 95.0 53.9
100.0 59.3
   .0  2.2
  5.0  8.3
 10.0 14.9
 15.0 19.5
 20.0 25.1
 25.0 30.9
 30.0 34.2
 35.0 36.6
 40.0 40.8
 45.0 45.5
 50.0 48.4
 55.0 51.0
 60.0 50.7
 65.0 52.4
 70.0 54.0
 75.0 57.0
 80.0 58.8
 85.0 55.3
 90.0 55.3
 95.0 45.6
100.0 49.0
