Reliability Diagram ( fhr  36- 60 )
Forcast Probability (%)
Observes Frequency (%)
0.0 100.0 0.0 100.0
0.0 10.0 0.0 10.0
21 2 1
   .0  1.1
  5.0  6.6
 10.0  9.6
 15.0 11.7
 20.0 14.3
 25.0 19.1
 30.0 19.7
 35.0 23.5
 40.0 27.3
 45.0 30.5
 50.0 36.3
 55.0 38.0
 60.0 41.1
 65.0 45.4
 70.0 49.5
 75.0 54.1
 80.0 56.1
 85.0 58.1
 90.0 63.7
 95.0 66.3
100.0 74.1
   .0  2.5
  5.0 12.4
 10.0 16.9
 15.0 20.4
 20.0 27.4
 25.0 29.1
 30.0 34.8
 35.0 40.7
 40.0 43.2
 45.0 49.3
 50.0 52.0
 55.0 58.0
 60.0 62.4
 65.0 63.5
 70.0 67.8
 75.0 70.3
 80.0 72.4
 85.0 75.1
 90.0 79.5
 95.0 83.4
100.0 90.5
