Reliability Diagram ( fhr  60- 84 )
Forcast Probability (%)
Observes Frequency (%)
0.0 100.0 0.0 100.0
0.0 10.0 0.0 10.0
21 2 1
   .0  1.0
  5.0  6.8
 10.0  8.8
 15.0 12.3
 20.0 16.1
 25.0 20.0
 30.0 22.9
 35.0 25.0
 40.0 27.5
 45.0 30.6
 50.0 37.0
 55.0 37.4
 60.0 42.2
 65.0 45.8
 70.0 50.6
 75.0 52.6
 80.0 56.3
 85.0 61.3
 90.0 62.2
 95.0 64.9
100.0 72.2
   .0  2.1
  5.0 10.4
 10.0 16.4
 15.0 19.3
 20.0 24.7
 25.0 28.8
 30.0 34.4
 35.0 35.5
 40.0 39.6
 45.0 45.7
 50.0 50.6
 55.0 55.1
 60.0 58.3
 65.0 63.5
 70.0 65.6
 75.0 66.7
 80.0 72.2
 85.0 75.3
 90.0 76.5
 95.0 81.5
100.0 87.6
