Reliability Diagram ( fhr  84-108 )
Forcast Probability (%)
Observes Frequency (%)
0.0 100.0 0.0 100.0
0.0 10.0 0.0 10.0
21 2 1
   .0  1.0
  5.0  6.4
 10.0 10.8
 15.0 12.3
 20.0 15.7
 25.0 18.9
 30.0 23.2
 35.0 24.9
 40.0 29.9
 45.0 30.8
 50.0 36.1
 55.0 36.3
 60.0 42.3
 65.0 42.7
 70.0 49.9
 75.0 50.8
 80.0 54.2
 85.0 59.2
 90.0 61.9
 95.0 64.1
100.0 71.3
   .0  2.1
  5.0 10.3
 10.0 17.5
 15.0 19.5
 20.0 25.3
 25.0 30.3
 30.0 34.7
 35.0 38.3
 40.0 41.7
 45.0 45.6
 50.0 49.6
 55.0 55.4
 60.0 56.9
 65.0 59.3
 70.0 63.2
 75.0 68.8
 80.0 70.5
 85.0 72.0
 90.0 77.3
 95.0 79.9
100.0 85.7
