Reliability Diagram ( fhr 348-372 )
Forcast Probability (%)
Observes Frequency (%)
0.0 100.0 0.0 100.0
0.0 10.0 0.0 10.0
21 2 1
   .0   .6
  5.0  3.6
 10.0  6.9
 15.0 11.2
 20.0 13.6
 25.0 16.9
 30.0 20.0
 35.0 23.0
 40.0 27.3
 45.0 31.2
 50.0 35.1
 55.0 36.4
 60.0 39.3
 65.0 41.1
 70.0 44.7
 75.0 47.8
 80.0 49.8
 85.0 51.6
 90.0 57.8
 95.0 61.4
100.0 62.2
   .0  1.5
  5.0  7.3
 10.0 13.4
 15.0 20.6
 20.0 26.1
 25.0 28.6
 30.0 35.3
 35.0 37.9
 40.0 43.6
 45.0 46.7
 50.0 52.4
 55.0 52.4
 60.0 53.1
 65.0 57.5
 70.0 58.2
 75.0 63.1
 80.0 60.3
 85.0 72.3
 90.0 73.5
 95.0 64.3
100.0 55.6
