Reliability Diagram ( fhr 180-204 )
Forcast Probability (%)
Observes Frequency (%)
0.0 100.0 0.0 100.0
0.0 10.0 0.0 10.0
21 2 1
   .0  1.0
  5.0  5.3
 10.0  7.8
 15.0 10.4
 20.0 13.1
 25.0 16.3
 30.0 19.3
 35.0 24.2
 40.0 25.9
 45.0 31.4
 50.0 33.7
 55.0 35.5
 60.0 37.6
 65.0 41.9
 70.0 45.2
 75.0 45.9
 80.0 51.3
 85.0 52.9
 90.0 56.4
 95.0 56.7
100.0 59.7
   .0  2.2
  5.0  9.0
 10.0 13.2
 15.0 17.8
 20.0 23.2
 25.0 27.5
 30.0 31.3
 35.0 35.4
 40.0 39.4
 45.0 44.0
 50.0 47.2
 55.0 50.5
 60.0 52.0
 65.0 56.0
 70.0 56.8
 75.0 62.3
 80.0 61.1
 85.0 62.1
 90.0 60.4
 95.0 60.9
100.0 74.6
