Reliability Diagram ( fhr 300-324 )
Forcast Probability (%)
Observes Frequency (%)
0.0 100.0 0.0 100.0
0.0 10.0 0.0 10.0
21 2 1
   .0   .9
  5.0  4.2
 10.0  7.0
 15.0 11.6
 20.0 13.6
 25.0 16.7
 30.0 18.9
 35.0 23.7
 40.0 25.0
 45.0 28.5
 50.0 32.3
 55.0 35.3
 60.0 38.5
 65.0 41.4
 70.0 43.4
 75.0 46.6
 80.0 48.0
 85.0 50.8
 90.0 55.8
 95.0 56.3
100.0 59.1
   .0  2.0
  5.0  7.8
 10.0 13.6
 15.0 19.1
 20.0 22.1
 25.0 27.1
 30.0 31.0
 35.0 35.6
 40.0 39.7
 45.0 44.6
 50.0 47.6
 55.0 51.4
 60.0 53.0
 65.0 55.9
 70.0 60.9
 75.0 58.9
 80.0 61.2
 85.0 64.8
 90.0 63.3
 95.0 54.3
100.0 58.3
