Reliability Diagram ( fhr 156-180 )
Forcast Probability (%)
Observes Frequency (%)
0.0 100.0 0.0 100.0
0.0 10.0 0.0 10.0
21 2 1
   .0  1.1
  5.0  5.5
 10.0  8.2
 15.0 10.2
 20.0 14.7
 25.0 16.3
 30.0 20.1
 35.0 22.2
 40.0 26.1
 45.0 29.8
 50.0 31.3
 55.0 37.1
 60.0 38.1
 65.0 42.9
 70.0 44.8
 75.0 48.3
 80.0 49.1
 85.0 53.8
 90.0 56.8
 95.0 57.2
100.0 64.7
   .0  2.3
  5.0  9.3
 10.0 14.3
 15.0 18.7
 20.0 25.0
 25.0 28.3
 30.0 32.8
 35.0 36.5
 40.0 41.4
 45.0 43.9
 50.0 47.6
 55.0 50.6
 60.0 53.9
 65.0 55.9
 70.0 58.6
 75.0 62.2
 80.0 60.2
 85.0 62.1
 90.0 65.8
 95.0 65.0
100.0 74.7
