Reliability Diagram ( fhr  12- 36 )
Forcast Probability (%)
Observes Frequency (%)
0.0 100.0 0.0 100.0
0.0 10.0 0.0 10.0
21 2 1
   .0  1.6
  5.0  8.7
 10.0 12.7
 15.0 13.6
 20.0 15.5
 25.0 19.6
 30.0 22.6
 35.0 23.9
 40.0 25.2
 45.0 30.3
 50.0 34.3
 55.0 38.8
 60.0 40.4
 65.0 47.2
 70.0 47.6
 75.0 48.6
 80.0 56.5
 85.0 58.6
 90.0 62.6
 95.0 67.4
100.0 76.9
   .0  3.0
  5.0 13.8
 10.0 19.0
 15.0 21.0
 20.0 24.8
 25.0 29.1
 30.0 34.3
 35.0 36.2
 40.0 41.0
 45.0 46.0
 50.0 53.8
 55.0 56.8
 60.0 58.0
 65.0 62.9
 70.0 68.2
 75.0 66.8
 80.0 69.5
 85.0 73.8
 90.0 79.3
 95.0 80.3
100.0 89.1
