Reliability Diagram ( fhr 108-132 )
Forcast Probability (%)
Observes Frequency (%)
0.0 100.0 0.0 100.0
0.0 10.0 0.0 10.0
21 2 1
   .0  1.0
  5.0  5.8
 10.0  9.1
 15.0 12.2
 20.0 15.4
 25.0 19.0
 30.0 20.8
 35.0 24.6
 40.0 27.7
 45.0 29.4
 50.0 33.5
 55.0 37.2
 60.0 40.5
 65.0 43.7
 70.0 46.9
 75.0 49.8
 80.0 53.2
 85.0 55.4
 90.0 60.1
 95.0 65.3
100.0 70.2
   .0  2.2
  5.0  9.9
 10.0 15.6
 15.0 21.2
 20.0 24.8
 25.0 29.1
 30.0 34.0
 35.0 39.0
 40.0 42.8
 45.0 44.8
 50.0 49.3
 55.0 52.0
 60.0 55.2
 65.0 60.0
 70.0 62.9
 75.0 67.3
 80.0 67.6
 85.0 73.9
 90.0 76.9
 95.0 80.0
100.0 84.4
