Reliability Diagram ( fhr 204-228 )
Forcast Probability (%)
Observes Frequency (%)
0.0 100.0 0.0 100.0
0.0 10.0 0.0 10.0
21 2 1
   .0   .8
  5.0  4.2
 10.0  7.8
 15.0 11.6
 20.0 14.2
 25.0 17.3
 30.0 20.0
 35.0 22.6
 40.0 26.2
 45.0 30.6
 50.0 33.1
 55.0 36.8
 60.0 38.2
 65.0 41.5
 70.0 45.1
 75.0 48.3
 80.0 48.8
 85.0 51.4
 90.0 54.2
 95.0 56.6
100.0 63.3
   .0  1.7
  5.0  7.3
 10.0 14.4
 15.0 18.8
 20.0 23.0
 25.0 28.1
 30.0 31.1
 35.0 36.4
 40.0 40.3
 45.0 41.7
 50.0 44.9
 55.0 48.7
 60.0 50.1
 65.0 53.7
 70.0 55.6
 75.0 62.0
 80.0 61.8
 85.0 63.4
 90.0 64.5
 95.0 68.8
100.0 75.8
