Reliability Diagram ( fhr 228-252 )
Forcast Probability (%)
Observes Frequency (%)
0.0 100.0 0.0 100.0
0.0 10.0 0.0 10.0
21 2 1
   .0   .9
  5.0  5.0
 10.0  7.6
 15.0 10.7
 20.0 13.3
 25.0 17.0
 30.0 21.3
 35.0 23.4
 40.0 27.4
 45.0 29.2
 50.0 32.8
 55.0 35.7
 60.0 39.4
 65.0 41.5
 70.0 42.3
 75.0 45.8
 80.0 46.9
 85.0 51.4
 90.0 53.5
 95.0 56.9
100.0 65.2
   .0  1.8
  5.0  8.8
 10.0 13.5
 15.0 18.4
 20.0 23.4
 25.0 28.5
 30.0 32.4
 35.0 36.1
 40.0 40.3
 45.0 43.5
 50.0 46.9
 55.0 47.5
 60.0 49.8
 65.0 52.2
 70.0 54.5
 75.0 61.4
 80.0 59.7
 85.0 62.8
 90.0 65.2
 95.0 70.9
100.0 71.6
