Reliability Diagram ( fhr 276-300 )
Forcast Probability (%)
Observes Frequency (%)
0.0 100.0 0.0 100.0
0.0 10.0 0.0 10.0
21 2 1
   .0   .8
  5.0  4.0
 10.0  7.7
 15.0 10.7
 20.0 12.7
 25.0 15.6
 30.0 20.7
 35.0 23.3
 40.0 26.0
 45.0 27.6
 50.0 30.9
 55.0 33.4
 60.0 37.7
 65.0 39.6
 70.0 43.7
 75.0 45.3
 80.0 50.0
 85.0 52.1
 90.0 53.2
 95.0 55.1
100.0 56.1
   .0  2.0
  5.0  7.8
 10.0 13.7
 15.0 19.4
 20.0 23.2
 25.0 28.5
 30.0 31.8
 35.0 36.3
 40.0 38.5
 45.0 43.1
 50.0 46.3
 55.0 51.5
 60.0 53.4
 65.0 54.4
 70.0 58.9
 75.0 56.8
 80.0 57.3
 85.0 52.5
 90.0 54.3
 95.0 51.6
100.0 48.9
