 1.022  1.042  1.051  1.053  1.047  1.035  1.038  1.019  1.011  0.985  0.981  0.975  0.978  0.990
 1.041  1.050  1.060  1.058  1.057  1.043  1.040  1.022  1.016  0.991  0.997  0.994  0.992  0.996
 1.063  1.091  1.085  1.087  1.078  1.066  1.059  1.042  1.039  1.017  0.998  0.981  0.978  0.976
 1.038  1.059  1.049  1.029  1.028  1.011  1.007  0.991  0.984  0.981  0.982  0.976  0.972  0.974
 1.023  1.039  1.026  1.013  1.015  1.014  1.012  1.011  1.014  1.008  0.992  0.980  0.975  0.973
 1.025  1.038  1.027  1.017  1.011  1.000  1.004  1.002  0.990  0.983  0.993  1.000  0.999  0.993
 1.033  1.046  1.046  1.025  1.025  1.012  1.012  1.007  0.998  0.992  0.990  0.987  0.992  0.996
 1.020  1.060  1.047  1.030  1.031  1.022  1.021  1.019  1.010  0.997  0.987  0.977  0.977  0.976
 1.019  1.046  1.048  1.029  1.023  1.005  0.997  0.999  0.993  0.989  0.985  0.984  0.980  0.980
 1.029  1.058  1.062  1.037  1.027  1.008  0.997  0.987  0.983  0.974  0.966  0.961  0.966  0.974
 1.024  1.052  1.052  1.038  1.045  1.034  1.025  1.007  0.990  0.969  0.955  0.943  0.943  0.944
 1.012  1.057  1.050  1.044  1.027  1.006  1.004  1.009  1.007  0.996  0.992  0.979  0.971  0.970
 1.012  1.054  1.038  1.039  1.035  1.014  1.017  1.012  1.007  0.994  0.988  0.970  0.966  0.963
 1.013  1.046  1.026  1.028  1.013  0.999  1.006  1.014  1.020  1.015  1.012  1.004  1.003  1.003
 1.039  1.040  1.037  1.039  1.023  1.027  1.016  1.010  1.003  0.999  0.995  0.990  0.986  0.983
 1.029  1.044  1.043  1.046  1.034  1.029  1.013  0.997  0.983  0.972  0.963  0.964  0.967  0.967
 1.040  1.037  1.032  1.028  1.016  1.017  1.003  0.998  0.989  0.983  0.976  0.966  0.959  0.951
 1.045  1.036  1.035  1.030  1.022  1.017  0.996  0.992  0.989  0.988  0.985  0.980  0.976  0.974
 1.052  1.034  1.028  1.023  1.015  1.019  1.010  1.005  1.002  0.989  0.981  0.971  0.969  0.975
 1.054  1.039  1.029  1.030  1.019  1.015  1.002  0.995  0.991  0.990  0.987  0.985  0.973  0.966
 1.055  1.051  1.040  1.056  1.046  1.047  1.038  1.035  1.032  1.023  1.011  0.999  0.979  0.963
 1.038  1.046  1.035  1.050  1.041  1.046  1.054  1.051  1.045  1.029  1.009  0.996  0.982  0.981
 1.031  1.042  1.029  1.041  1.033  1.030  1.027  1.018  1.012  1.003  0.987  0.983  0.980  0.977
 1.030  1.045  1.028  1.034  1.022  1.015  1.017  1.012  1.008  1.003  0.992  0.989  0.984  0.982
 1.031  1.042  1.043  1.039  1.027  1.020  1.010  1.009  1.004  1.011  1.011  1.005  1.002  1.005
 1.017  1.048  1.052  1.048  1.046  1.041  1.032  1.028  1.020  1.011  1.000  0.999  0.995  0.986
 1.024  1.043  1.052  1.043  1.035  1.026  1.023  1.019  1.023  1.025  1.020  1.015  1.007  0.997
 1.005  1.021  1.030  1.029  1.025  1.029  1.025  1.021  1.014  1.013  1.000  0.994  0.996  0.995

