200501 0.835375 0.827675 0.838261 64.9119 65.8656 62.4023 53.4116 0.822978 0.814828 0.820923 53.3091 54.5538 52.4371 43.8442
200502 0.862272 0.854166 0.858117 57.9793 59.2934 56.9979 47.5914 0.764379 0.761559 0.78411 60.0966 60.8345 56.8276 45.949
200503 0.858678 0.858991 0.878259 56.1147 55.7434 50.5009 45.1481 0.803491 0.789537 0.798144 60.9044 62.8153 59.5441 51.555
200504 0.840397 0.843651 0.853423 51.3361 50.7026 48.1468 43.1161 0.770048 0.764223 0.768858 71.3919 72.4332 68.6316 58.4339
200505 0.778519 0.778255 0.812074 50.281 49.9774 44.9442 38.0626 0.817616 0.812297 0.826248 71.6213 72.5965 67.4742 65.2758
200506 0.767722 0.771981 0.796259 43.633 43.1452 39.6426 33.1241 0.80127 0.786037 0.825185 71.967 74.0863 66.3852 63.013
200507 0.777059 0.791322 0.813472 39.0937 38.0191 34.8222 31.2466 0.773897 0.759266 0.777131 75.4606 77.1472 70.4922 63.5097
200508 0.791858 0.793845 0.809603 41.6235 41.23 38.47 34.3681 0.82039 0.800364 0.826023 69.8329 72.79 66.2571 50.6619
200601 0.858063 0.851394 0.877338 57.9391 58.9841 52.9209 44.7734 0.79305 0.792428 0.80575 53.2994 52.9528 49.6784 42.8431
200602 0.876072 0.868855 0.890055 57.6169 59.2972 53.4638 46.0265 0.835224 0.834328 0.854779 54.7635 54.4941 50.4924 46.8672
200603 0.824928 0.821144 0.85035 57.3075 58.2844 52.2331 43.07 0.7617 0.749781 0.7778 62.1131 63.9175 57.8306 48.0053
200604 0.865542 0.867371 0.878258 46.9055 46.761 43.7842 36.8784 0.823281 0.812797 0.839616 64.0423 64.9916 59.0194 52.6942
200605 0.840047 0.835087 0.9088 46.4369 47.0291 40.157 38.258 0.790597 0.790741 0.83683 72.79 72.1972 61.814 54.238
200606 0.802933 0.779025 -999.99 43.67 46.1033 -999.99 -999.99 0.807883 0.8054 -999.99 66.9467 68.3925 -999.99 -999.99
200601 0.856316 0.849519 0.875625 58.335 59.3775 53.2319 44.7506 0.789809 0.78685 0.801087 54.1741 54.1372 50.6813 43.0356
200602 0.88061 0.872776 0.893028 57.0707 58.74 53.1121 46.0203 0.836376 0.836672 0.856959 54.8748 54.5941 50.409 46.6638
