200005 0.738654 0.714035 0.732565 52.7154 55.9996 52.1281 38.2315 0.767285 0.765788 0.738565 81.3527 79.9673 82.8134 81.2077
200006 0.75231 0.731833 0.746467 48.968 51.0693 48.66 36.7637 0.75451 0.75663 0.75357 75.4717 74.3573 71.109 73.095
200007 0.725903 0.743259 0.743128 45.1353 44.145 42.4509 36.1069 0.769381 0.765284 0.739559 76.83 76.4544 76.7265 80.11
200008 0.716088 0.710925 0.708619 48.2094 48.3756 46.7803 39.4669 0.711622 0.713397 0.679669 81.9206 80.3909 81.4225 84.2763
200009 0.713294 0.696519 0.706432 60.0152 60.781 57.3165 47.8187 0.762413 0.763148 0.725148 71.0481 69.5365 71.8155 81.9019
200010 0.782534 0.785981 0.787016 60.275 59.3069 57.8872 50.2706 0.706766 0.706459 0.636372 75.2991 74.3625 76.4663 78.7938
200011 0.77333 0.76809 0.775433 61.9397 62.2 59.2417 51.884 0.69092 0.690157 0.61641 65.833 65.007 65.6893 74.547
200012 0.765934 0.761678 0.779716 67.4884 66.3678 61.7878 50.4941 0.7181 0.715172 0.713759 64.1097 63.5937 61.3678 69.2025
200101 0.788444 0.783831 0.811291 65.3034 65.1353 59.565 46.1844 0.692053 0.670894 0.669962 65.2069 66.8966 62.9359 64.3512
200102 0.79331 0.789507 0.810241 69.0997 68.7628 64.1034 51.6131 0.741745 0.727393 0.731862 63.2462 64.4472 60.7931 63.7921
200103 0.734637 0.736128 0.761759 67.3056 66.1087 59.9984 47.7256 0.765122 0.758297 0.74055 64.8663 65.3462 64.8966 68.44
200104 0.722532 0.734897 0.769474 65.7261 63.5677 57.4345 43.8348 0.714416 0.714245 0.704097 75.1906 74.809 71.5816 73.8539
200105 0.776075 0.785984 0.805775 53.6706 52.3344 48.9491 38.2987 0.786769 0.778584 0.777575 72.8488 74.1653 72.7072 67.8284
200106 0.769606 0.779197 0.786487 46.0813 45.6087 43.7136 33.7032 0.739832 0.727758 0.694181 76.1571 77.3213 78.6416 76.5174
200107 0.792472 0.803913 0.809416 41.4991 41.9425 39.9526 29.5613 0.779822 0.767331 0.748758 71.6328 73.2934 73.8087 70.0106
200108 0.766375 0.770347 0.788538 45.5078 45.3122 42.68 33.9269 0.779653 0.772381 0.778619 74.2962 74.8347 71.5153 68.6981
200109 0.775987 0.768171 0.776768 54.3039 55.1142 52.4719 42.1813 0.791581 0.78161 0.730416 66.6694 67.6445 70.9039 69.0861
200110 0.815303 0.802234 0.816259 53.7947 55.1744 51.8922 42.89 0.778015 0.770469 0.745522 65.445 66.0622 67.2253 65.8606
200111 0.832174 0.840439 0.836552 62.8274 61.0355 60.3732 52.6626 0.757223 0.755974 0.754265 63.6381 63.9826 61.5465 62.6119
200112 0.849241 0.850266 0.859428 66.6591 65.5041 62.6275 49.5584 0.806519 0.804991 0.780959 58.0269 58.7747 60.1184 64.3087
200201 0.780491 0.790597 0.805806 66.2547 64.3459 60.5016 49.575 0.728191 0.703984 0.658769 60.8606 63.3531 62.6234 65.4747
200202 0.786907 0.782579 0.777034 67.4417 66.83 65.4207 54.9283 0.787124 0.787755 0.782386 61.7752 61.8879 61.0262 60.9334
200203 0.786816 0.777534 0.775741 64.8 65.6566 63.5287 53.8641 0.785606 0.771662 0.693466 68.4822 69.9838 76.4178 77.3669
200204 0.795394 0.803332 0.815087 59.5084 57.9313 54.9023 45.7987 0.77949 0.78481 0.768052 71.5468 70.3006 70.2032 73.3887
200205 0.779072 0.782987 0.795303 52.3722 51.6444 48.8044 39.96 0.819516 0.813844 0.773094 73.2266 73.9947 77.4156 76.2919
200206 0.772594 0.749503 0.764958 46.6148 48.3103 45.7323 35.6235 0.760271 0.759216 0.690832 77.7742 76.6329 82.1448 79.9403
200207 0.750462 0.747469 0.760119 46.1547 45.9425 43.5066 32.9556 0.771463 0.776381 0.760716 76.6069 75.0122 73.9428 74.7278
200208 0.789509 0.784094 0.79295 45.33 45.6625 43.4653 33.6975 0.797181 0.799153 0.812431 73.1403 72.3009 69.1537 72.6781
200209 0.794355 0.785868 0.811297 53.7426 54.5713 50.5368 43.2161 0.771078 0.755668 0.71861 72.9345 74.911 76.6439 72.1161
200210 0.824503 0.817487 0.832344 57.4741 57.8428 54.4184 46.8206 0.772541 0.758141 0.7451 65.9556 67.2447 67.1131 70.7366
200211 0.805594 0.803242 0.810071 63.2171 62.9784 60.2823 48.6097 0.814784 0.794855 0.76611 57.13 59.1719 62.5955 65.5665
200212 0.817581 0.810184 0.813481 66.3541 65.8487 63.3041 48.5656 0.795116 0.782444 0.776106 53.9497 55.825 56.1103 58.1472
200301 0.839322 0.836731 0.846103 63.5228 63.005 60.7266 47.6666 0.795359 0.777356 0.748647 50.1566 52.2819 53.4891 57.0909
200302 0.814483 0.807452 0.81929 65.1779 65.1572 61.4776 54.4686 0.791462 0.760417 0.731786 59.2855 62.2445 63.719 62.8134
200303 0.813028 0.799175 0.816016 61.4678 63.7612 59.6153 47.1237 0.769888 0.759988 0.699878 62.0941 63.2887 68.5462 70.5906
200304 0.842574 0.828113 0.835987 54.2274 56.2726 54.3361 41.7919 0.802616 0.789287 0.751219 67.6013 69.5229 73.2987 72.1697
200305 0.81095 0.808494 0.820031 48.4716 48.4272 46.0869 36.9247 0.781838 0.767125 0.780731 66.5703 68.6519 65.2487 55.7509
200306 0.789065 0.795284 0.803358 43.629 42.5116 40.891 30.5987 0.81359 0.812606 0.823042 72.0087 71.3348 67.4468 63.9703
200307 0.7941 0.788958 0.799703 41.2128 41.8003 39.82 27.4716 0.76315 0.755829 0.781184 75.4962 75.0945 69.3355 56.77
200308 0.790432 0.789881 0.808213 43.3571 43.2961 40.7787 30.7987 0.813187 0.798139 0.819029 70.1926 71.4584 66.1868 51.54
200309 0.793545 0.78241 0.813536 55.5471 55.7161 50.1706 39.1342 0.820439 0.798 0.800226 64.5135 68.0955 65.8916 54.4387
200310 0.834422 0.824663 0.84565 60.5475 61.6762 56.9731 45.8913 0.801294 0.791431 0.790734 62.3672 62.7188 61.4863 51.6066
200311 0.824345 0.823248 0.824694 62.1561 61.4871 59.3894 49.7239 0.786219 0.771268 0.766374 57.2655 59.0806 57.5874 51.8116
200312 0.802588 0.79545 0.810619 64.0625 64.2734 60.5744 46.7656 0.775878 0.772584 0.765287 54.3216 54.5406 53.6969 53.2556
200401 0.794953 0.796994 0.817388 65.5959 64.1559 59.3313 47.255 0.782163 0.779778 0.794047 54.0022 54.1931 52.4863 47.4603
200402 0.825737 0.82736 0.8374 64.13 62.8553 59.3743 49.2683 0.76677 0.77948 0.79037 62.839 61.077 58.919 49.5433
200403 0.809187 0.806119 0.804887 65.3809 65.3334 63.52 49.6753 0.813356 0.807284 0.810994 60.8041 61.8222 59.95 52.325
200404 0.818403 0.821661 0.825761 54.6597 53.9535 51.9035 47.2877 0.782284 0.785052 0.800068 70.1955 69.3235 65.2029 60.2558
200405 0.830134 0.825188 0.848975 44.7338 45.2347 41.3722 39.1931 0.821916 0.824269 0.841559 68.0197 67.3631 62.1897 61.6759
200406 0.787116 0.782432 0.816803 44.9355 45.3835 40.5465 35.7177 0.758681 0.770145 0.790174 76.5884 74.8113 68.2032 67.7106
200407 0.821347 0.817909 0.845972 39.2912 39.5397 35.5216 30.9263 0.753563 0.753281 0.793056 76.2041 75.9219 66.5303 62.1688
200408 0.811131 0.81205 0.823625 43.7166 43.6109 40.9309 37.1325 0.749081 0.737122 0.761012 81.2341 82.0766 74.6647 64.2475
200409 0.772132 0.769361 0.781736 50.43 50.7319 47.3071 42.2168 0.781229 0.786226 0.797848 70.4574 69.4777 65.4229 53.7813
200410 0.795056 0.799763 0.812425 58.8306 58.0222 54.0491 48.4756 0.814631 0.814047 0.814144 58.7056 59.1044 57.3822 56.6597
200411 0.824364 0.818487 0.824229 58.2235 59.0148 55.9448 53.7529 0.859252 0.853426 0.863955 53.7577 54.8803 52.279 49.3664
200412 0.837178 0.8381 0.844019 63.5647 63.2022 60.3847 52.8153 0.791319 0.796106 0.784641 53.4244 53.2516 53.0422 54.11
200501 0.835375 0.827675 0.838261 64.9119 65.8656 62.4023 53.4116 0.822978 0.814828 0.820923 53.3091 54.5538 52.4371 43.8442
200502 0.862272 0.854166 0.858117 57.9793 59.2934 56.9979 47.5914 0.764379 0.761559 0.78411 60.0966 60.8345 56.8276 45.949
200503 0.858678 0.858991 0.878259 56.1147 55.7434 50.5009 45.1481 0.803491 0.789537 0.798144 60.9044 62.8153 59.5441 51.555
200504 0.840397 0.843651 0.853423 51.3361 50.7026 48.1468 43.1161 0.770048 0.764223 0.768858 71.3919 72.4332 68.6316 58.4339
200505 0.778519 0.778255 0.812074 50.281 49.9774 44.9442 38.0626 0.817616 0.812297 0.826248 71.6213 72.5965 67.4742 65.2758
200506 0.767722 0.771981 0.796259 43.633 43.1452 39.6426 33.1241 0.80127 0.786037 0.825185 71.967 74.0863 66.3852 63.013
200507 0.777059 0.791322 0.813472 39.0937 38.0191 34.8222 31.2466 0.773897 0.759266 0.777131 75.4606 77.1472 70.4922 63.5097
200508 0.790269 0.791609 0.808878 41.8672 41.5409 38.6234 34.4709 0.817434 0.799362 0.826275 70.1809 72.8747 66.1256 50.7594
200509 0.773717 0.766207 0.803703 49.3227 50.2063 44.7487 37.4437 0.800917 0.794783 0.827687 69.552 69.857 62.983 50.2733
200510 0.855825 0.848375 0.872364 52.2778 52.9722 47.9623 42.2813 0.832703 0.816163 0.843516 61.3109 63.4419 58.1974 44.739
200511 0.85469 0.854526 0.869848 57.5845 57.8255 53.4864 47.6003 0.7936 0.786284 0.812771 57.5955 58.6745 54.11 45.2987
200512 0.872234 0.866088 0.874638 55.1603 56.2675 53.2894 46.2913 0.853981 0.854875 0.880116 49.7309 50.0175 44.6803 41.8359
200601 0.858063 0.851394 0.877338 57.9391 58.9841 52.9209 44.7734 0.79305 0.792428 0.80575 53.2994 52.9528 49.6784 42.8431
200602 0.876072 0.868855 0.890055 57.6169 59.2972 53.4638 46.0265 0.835224 0.834328 0.854779 54.7635 54.4941 50.4924 46.8672
200603 0.824928 0.821144 0.85035 57.3075 58.2844 52.2331 43.07 0.7617 0.749781 0.7778 62.1131 63.9175 57.8306 48.0053
200604 0.865542 0.867371 0.878258 46.9055 46.761 43.7842 36.8784 0.823281 0.812797 0.839616 64.0423 64.9916 59.0194 52.6942
200605 0.850796 0.842226 0.877931 46.5307 47.4056 41.7392 37.5092 0.781885 0.784374 0.813758 75.0011 73.9674 66.7396 54.0412
200606 0.79778 0.793106 0.837069 41.7409 42.4103 36.7729 32.0731 0.807123 0.802057 0.834751 69.34 69.914 62.8726 50.142
200607 0.780884 0.777369 0.804766 41.0759 41.4528 37.6531 30.7419 0.796525 0.793034 0.813994 71.9675 72.2019 66.7187 48.7756
200608 0.804091 0.796344 0.831187 39.2709 40.1403 35.5912 30.5297 0.749637 0.745816 0.782778 76.2225 76.0284 67.3128 51.4828
200609 0.804168 0.792642 0.809177 46.2813 47.3197 44.0587 36.9923 0.7281 0.724748 0.766939 79.1497 78.6035 70.9568 48.6184
200610 0.854275 0.840444 0.871056 53.9516 56.1303 49.4928 42.2931 0.795278 0.800381 0.836188 64.2975 63.0094 56.4925 42.1181
200611 0.849287 0.847355 0.871129 57.9484 57.63 52.1977 42.8632 0.794474 0.797736 0.841155 56.3571 56.1926 49.5061 40.4684
200612 0.867538 0.861722 0.876394 54.2466 54.9016 50.81 39.2328 0.800606 0.802209 0.835072 54.3906 54.3725 48.4944 40.7616
200701 0.8668 0.859694 0.879338 56.1009 57.2588 51.8416 41.1325 0.840619 0.829759 0.867319 53.2472 55.0747 48.3697 42.3834
200702 0.855534 0.8536 0.867665 55.5703 55.761 51.8862 40.4524 0.810976 0.80589 0.835666 59.349 59.9514 53.7417 44.2241
200703 0.87735 0.873222 0.888044 53.7272 54.7644 50.2262 38.6759 0.776934 0.767381 0.796741 63.6831 65.0959 58.4813 48.3281
200704 0.853335 0.855481 0.870061 47.6197 47.2345 43.4255 34.48 0.829939 0.825016 0.846726 64.9987 65.081 59.5406 49.7445
200705 0.817106 0.817437 0.829362 46.4906 46.0956 43.89 30.8013 0.800569 0.808403 0.8314 71.4628 69.9766 64.5759 44.0147
200706 0.839042 0.850816 0.864797 37.8961 36.5261 34.2852 26.3287 0.828636 0.826413 0.841984 72.35 73.5187 68.6887 47.7577
200707 0.804262 0.779503 0.799406 36.29 37.6291 35.4216 23.5688 0.794469 0.772659 0.797531 70.8575 73.8559 68.3241 44.6984
200708 0.832694 0.816331 0.833744 38.9094 40.0725 37.5734 25.7828 0.806681 0.823837 0.844631 67.2431 64.6188 59.5972 43.6538
200709 0.854226 0.8397 0.843842 42.4013 43.5393 42.7178 28.7813 0.819552 0.826839 0.838655 66.1539 63.9848 60.5274 43.4103
200710 0.822603 0.804172 0.820216 51.9316 53.565 50.215 36.0216 0.809506 0.799891 0.805953 63.2459 64.5391 61.9919 41.6094
200711 0.849793 0.838761 0.846855 55.4574 57.2768 55.0277 39.7129 0.839577 0.827329 0.839248 52.9042 53.3081 50.8064 36.8574
200712 0.880369 0.859419 0.87025 50.6572 55.0931 52.0094 33.4075 0.824569 0.830869 0.845516 51.6894 49.9619 46.9681 35.3237
200801 0.872869 0.871866 0.884141 53.9988 54.6569 51.3606 34.9503 0.820228 0.813359 0.827816 50.135 50.6178 47.93 34.8131
200802 0.864897 0.851069 0.828643 54.3872 56.6903 53.9228 35.5752 0.824814 0.800948 0.781713 53.6883 55.8769 55.061 39.2283
200803 0.872 0.856287 0.869055 50.219 52.3826 49.3406 35.4519 0.789897 0.773006 0.78539 62.2239 63.7535 60.2294 45.0416
200804 0.838568 0.827623 0.837097 48.489 49.1261 47.1555 33.8206 0.827229 0.834555 0.857271 64.1894 64.1081 58.5265 45.3339
200805 0.835256 0.820272 0.840088 45.5956 47.3444 43.9719 29.9631 0.818244 0.812284 0.836303 66.2806 66.5944 61.1528 45.285
200806 0.800729 0.805932 0.818116 41.6693 40.8132 38.711 25.6555 0.801168 0.819219 0.834535 71.3439 68.2548 63.9578 45.4877
200807 0.799788 0.803644 0.820853 39.0103 38.2625 35.9147 23.7912 0.828841 0.809906 0.831391 67.8666 71.4212 66.1559 43.4412
200808 0.840855 0.8041 0.818006 38.9677 42.5581 40.4865 27.0387 0.831832 0.832026 0.851216 69.5097 69.4303 64.6271 46.5794
200809 0.831367 0.797817 0.815943 45.1873 48.6167 45.2313 30.3557 0.843003 0.82769 0.851487 60.4973 62.8173 57.684 40.5853
200810 0.809863 0.8013 0.821696 50.4617 50.605 47.435 34.6242 0.806179 0.815196 0.830946 55.7204 53.7783 50.4092 38.4033
200811 0.872486 0.846681 0.862352 55.5052 60.021 55.9252 36.1376 0.845714 0.849862 0.864514 54.5248 53.91 51.2019 38.4338
200812 0.88394 0.869704 0.881 56.1436 59.3752 55.9036 38.148 0.816844 0.803824 0.822268 50.3124 51.6224 48.9896 34.1396
200901 0.875419 0.873362 0.883263 53.5688 54.1203 51.1294 36.4359 0.838072 0.822906 0.838866 50.1416 51.3922 48.6247 32.96
200902 0.877659 0.86891 0.881103 53.1986 54.9676 51.6745 36.4817 0.83411 0.825845 0.838731 52.8952 53.55 51.2166 37.69
200903 0.851506 0.829559 0.847019 52.275 55.3897 51.4759 35.8009 0.817669 0.79245 0.811869 55.8781 58.6363 54.4978 40.8503
200904 0.863306 0.827268 0.844181 46.5226 51.9587 48.9023 34.0071 0.820984 0.832855 0.85029 61.4058 59.801 56.0919 45.4023
200905 0.838034 0.832506 0.843684 44.4853 44.6353 42.5887 29.5019 0.845738 0.832441 0.849438 66.4644 68.0406 63.4775 44.5353
200906 0.801484 0.795129 0.808658 41.4765 41.9581 39.9287 27.3758 0.804248 0.797971 0.824426 73.0387 73.92 67.9874 47.1303
200907 0.803941 0.787309 0.807313 38.185 39.2353 36.7716 23.2531 0.838866 0.836722 0.851953 66.9487 67.2269 63.2778 45.0394
200908 0.819403 0.803388 0.817553 39.4425 40.5506 38.4312 26.2787 0.809422 0.786419 0.810141 71.0247 74.3641 68.3434 44.8325
200909 0.877846 0.852673 0.858204 41.0692 44.24 42.7762 29.8846 0.842781 0.845627 0.860046 58.5588 57.9138 54.6523 43.5354
200910 0.79895 0.794845 0.815455 56.5195 57.245 52.954 34.6295 0.87568 0.85865 0.871705 52.944 55.22 52.6235 39.064
200911 0.85911 0.854461 0.870281 51.9397 52.9919 49.2542 35.1994 0.862694 0.861835 0.874848 51.5119 51.8471 48.6516 36.7258
200912 0.886963 0.881606 0.890813 52.4234 53.5347 50.7472 38.1706 0.8309 0.820262 0.852197 47.8441 48.64 42.8356 36.0559
201001 0.877931 0.868609 0.889538 55.9084 57.5313 52.2116 37.7109 0.856281 0.847697 0.870362 50.3072 52.1494 46.7825 37.6488
201002 0.892315 0.887277 0.904715 50.8623 52.3015 47.3692 37.3238 0.802223 0.7887 0.837692 59.7746 62.5438 52.8269 46.4662
201003 0.894762 0.888415 0.906738 49.4446 51.24 45.8092 37.02 0.813292 0.809962 0.844762 62.2923 62.6331 55.4015 52.1685
201004 0.850677 0.852705 0.877864 48.4773 48.0745 42.3509 34.8982 0.794041 0.792218 0.821491 64.8914 64.835 57.3277 57.0786
201005 0.85918 0.85965 0.87316 43.182 43.028 40.134 31.523 0.78721 0.79553 0.82343 71.205 70.234 61.746 60.42
201006 -9.99e+08 -9.99e+08 -9.99e+08 -9.99e+08 -9.99e+08 -9.99e+08 -9.99e+08 -9.99e+08 -9.99e+08 -9.99e+08 -9.99e+08 -9.99e+08 -9.99e+08 -9.99e+08
201007 0.81612 0.809113 0.851503 36.6093 36.9057 31.6757 27.7843 0.773847 0.776967 0.80533 72.092 71.38 63.5417 58.747
201008 0.877466 0.860178 0.882709 34.9906 37.1588 33.4866 28.7734 0.823253 0.832731 0.859456 68.7903 67.4266 59.9928 55.5103
201009 0.872426 0.847894 0.867406 39.7623 43.0474 39.3052 31.981 0.843135 0.831474 0.86439 59.9087 61.3048 54.0094 47.9903
201010 0.875466 0.858053 0.882641 45.8534 48.8944 43.8256 37.0428 0.843731 0.831716 0.862684 58.2656 60.1822 53.3631 47.4044
201011 0.90849 0.888755 0.912355 47.3023 52.4948 46.5006 40.2813 0.846884 0.831929 0.860116 50.8394 53.4774 47.7019 43.2835
201012 0.914241 0.900578 0.917931 50.9991 56.2066 49.5681 44.4753 0.870672 0.839969 0.866575 47.6647 52.3687 46.9072 39.1891
201101 0.875072 0.867578 0.889181 52.0831 54.1669 48.3606 41.1344 0.866494 0.861003 0.882381 47.6684 48.7853 44.1381 39.2913
201102 0.899583 0.890038 0.91209 51.681 54.5397 48.4031 40.841 0.837486 0.817666 0.853583 55.38 58.2779 51.2828 47.2048
201103 0.875375 0.875128 0.897034 50.2659 51.2756 45.8506 37.7647 0.798041 0.802753 0.836859 62.2031 62.1078 54.2184 55.0297
201104 0.864117 0.858973 0.878693 48.582 49.2873 44.7867 36.321 0.826787 0.80128 0.84749 63.248 67.6503 57.6427 56.673
201105 0.875668 0.859695 0.882541 42.0368 44.4264 39.8505 33.91 0.841682 0.820195 0.870173 65.7382 69.9814 58.7032 56.2123
201106 0.781513 0.768474 0.803513 39.6939 40.3278 36.2174 29.1026 0.866 0.846817 0.880961 70.5043 74.1235 65.0165 58.1291
201107 0.841547 0.822031 0.847806 34.4475 36.4075 32.7503 26.2041 0.829294 0.810897 0.843441 66.4619 70.2331 62.0037 55.5372
201108 0.830334 0.814781 0.845625 37.4178 39.4763 34.5206 29.0225 0.864575 0.857628 0.889916 61.2034 63.1637 53.9991 52.1119
201109 0.864729 0.859961 0.87809 41.0245 41.7961 37.8948 32.611 0.837406 0.814071 0.845081 60.3674 63.6142 55.7384 52.0152
201110 0.867178 0.849934 0.874578 44.5822 48.3197 42.9662 38.6309 0.857866 0.837531 0.868109 56.8316 61.0044 53.7291 47.8253
201111 0.872203 0.8577 0.876632 50.2039 54.1706 48.9765 44.4113 0.836845 0.81821 0.848458 52.8239 56.2223 50.1552 43.3174
201112 0.881188 0.860272 0.889953 48.0944 52.8241 45.8706 41.0122 0.845119 0.823478 0.856269 49.2934 52.4647 47.0375 40.5462
201201 0.884722 0.875834 0.897612 55.5656 58.9256 51.8906 44.7103 0.854869 0.844644 0.869712 49.4063 51.0053 46.5394 42.3112
201202 0.88592 0.874893 0.90182 47.39 50.2433 43.6027 40.0493 0.829113 0.820953 0.85304 52.924 54.4107 48.6847 44.0313
201203 0.902129 0.895643 0.906764 47.3257 49.7607 46.315 39.1771 0.810393 0.822357 0.847214 59.0286 57.3464 51.2979 53.3214
201204 0.87427 0.871887 0.8941 44.8448 45.9617 41.2639 34.4974 0.829083 0.8307 0.861143 61.8257 61.5022 53.8839 56.5039
201205 -9.99e+08 -9.99e+08 -9.99e+08 -9.99e+08 -9.99e+08 -9.99e+08 -9.99e+08 -9.99e+08 -9.99e+08 -9.99e+08 -9.99e+08 -9.99e+08 -9.99e+08 -9.99e+08
201206 0.865065 0.866173 0.887965 34.4565 34.59 31.4638 26.1112 0.849258 0.845562 0.873469 60.2219 61.0619 53.1485 57.8085
201207 0.834731 0.822394 0.847281 33.4503 34.9312 31.6497 26.1084 0.839137 0.8356 0.862731 62.7294 63.7341 56.5303 58.7538
201208 0.843906 0.834956 0.857594 35.0419 36.3766 32.8119 27.6594 0.825284 0.830194 0.850138 64.3781 63.9409 57.0884 57.6341
201209 0.863716 0.860584 0.883174 39.1823 40.2481 36.1013 33.1994 0.86549 0.863903 0.886442 56.9845 57.6955 50.581 51.3377
201210 0.900603 0.895906 0.9109 44.6119 46.4675 41.8631 38.8019 0.841437 0.838503 0.872381 55.3453 55.9062 48.8772 48.5909
201211 0.895019 0.886165 0.906516 45.3616 47.9387 42.639 41.05 0.871481 0.876223 0.893619 46.8319 46.0219 42.0287 41.2071
201212 0.897131 0.88765 0.903587 48.2941 50.9394 46.6778 42.0278 0.857753 0.861884 0.875028 46.2725 45.8109 42.7175 38.0419
201301 0.886275 0.873187 0.896528 48.8097 51.7131 46.2222 43.3759 0.861222 0.8597 0.88435 44.5169 44.8544 40.8484 40.0819
201302 0.914148 0.910131 0.922031 43.1569 44.9241 40.589 38.4717 0.859734 0.865631 0.897917 49.6155 48.2669 41.8466 44.7262
201303 0.883344 0.873184 0.887456 47.7763 50.6066 46.1362 39.8184 0.849022 0.849462 0.877856 55.87 55.5912 49.4916 52.25
201304 0.879839 0.870765 0.888329 46.7381 48.9994 45.0252 36.2345 0.800226 0.810384 0.836623 62.8603 60.511 53.3465 56.3871
201305 0.866638 0.862738 0.880228 39.5525 40.4028 36.8103 30.4966 0.842738 0.839459 0.880178 61.5709 62.1325 52.9675 58.7906
201306 0.854361 0.849139 0.865284 37.4816 38.3445 35.5958 28.6126 0.862832 0.85869 0.885003 60.0871 61.3213 53.9174 56.0932
201307 0.854847 0.848122 0.868537 31.8016 32.6222 29.7584 24.5325 0.849691 0.841478 0.873813 62.8031 64.2994 56.3166 59.15
201308 0.836997 0.822387 0.852338 34.6953 36.3531 32.6838 28.6684 0.850647 0.850381 0.885184 60.8725 60.9253 52.1428 54.2572
201309 0.84839 0.846219 0.856748 43.0645 43.6677 41.4223 34.9658 0.885042 0.880413 0.904939 55.1842 56.4145 49.0987 49.3703
201310 0.897144 0.883109 0.90145 39.9566 42.78 38.1522 36.8491 0.839316 0.836169 0.861006 54.47 54.7181 49.3987 47.6616
201311 0.880997 0.873061 0.892387 51.6277 53.9868 48.2997 43.5255 0.888958 0.881445 0.900503 45.5342 46.8013 42.9555 45.3787
201312 0.918694 0.907275 0.918372 43.7541 46.9156 43.3916 42.9253 0.891716 0.888 0.905375 41.1672 41.8172 38.4259 39.2938
201401 0.896325 0.883759 0.898019 50.9459 54.7122 50.2225 43.0953 0.852569 0.850691 0.874309 46.9741 47.4319 43.1447 41.7119
201402 0.901266 0.899452 0.915197 46.1955 47.5138 43.4841 39.7476 0.830962 0.830879 0.85129 50.0317 50.1786 45.7848 47.1759
201403 0.896378 0.894372 0.902519 44.6787 45.6625 42.8522 39.4813 0.866569 0.865966 0.890069 52.0019 51.9738 46.5603 51.4784
201404 0.875255 0.870065 0.885887 44.2016 45.3684 41.7045 36.5235 0.821042 0.816081 0.853258 62.95 63.7926 55.3923 55.9661
201405 0.845031 0.843828 0.866175 40.9169 41.4031 37.8791 30.6669 0.823094 0.819066 0.845716 62.8622 63.7344 58.0662 57.5372
201406 0.83359 0.823881 0.850268 36.6148 37.2516 33.9484 27.4829 0.849258 0.846229 0.863639 60.7603 61.1123 56.3319 59.0942
201407 0.857916 0.856334 0.868694 33.7262 33.8744 31.725 25.3319 0.851478 0.845053 0.869119 61.1331 62.5584 55.815 58.3281
201408 0.849019 0.840691 0.865831 34.2081 35.3672 31.9047 26.3881 0.875328 0.873822 0.894137 59.1703 59.4203 52.7716 55.3128
201409 0.859894 0.845587 0.876225 38.1369 40.3269 35.5219 29.9738 0.847775 0.838375 0.873644 58.3044 60.3069 51.4187 53.9887
201410 0.873219 0.851437 0.870203 43.4856 47.2622 42.8594 37.9597 0.831075 0.828591 0.865703 55.6481 56.2316 48.9047 48.2025
201411 0.896771 0.892965 0.907465 47.0648 48.3777 43.9023 42.6916 0.849823 0.84429 0.876116 46.6787 47.4 42.0642 43.3013
201412 -9.99e+08 -9.99e+08 -9.99e+08 -9.99e+08 -9.99e+08 -9.99e+08 -9.99e+08 -9.99e+08 -9.99e+08 -9.99e+08 -9.99e+08 -9.99e+08 -9.99e+08 -9.99e+08
