200005 0.7387 0.7140 0.7326  52.72  56.00  52.13  38.23 0.7673 0.7658 0.7386  81.35  79.97  82.81  81.21 
200006 0.7523 0.7318 0.7465  48.97  51.07  48.66  36.76 0.7545 0.7566 0.7536  75.47  74.36  71.11  73.09 
200007 0.7259 0.7433 0.7431  45.14  44.15  42.45  36.11 0.7694 0.7653 0.7396  76.83  76.45  76.73  80.11 
200008 0.7161 0.7109 0.7086  48.21  48.38  46.78  39.47 0.7116 0.7134 0.6797  81.92  80.39  81.42  84.28 
200009 0.7133 0.6965 0.7064  60.02  60.78  57.32  47.82 0.7624 0.7631 0.7251  71.05  69.54  71.82  81.90 
200010 0.7825 0.7860 0.7870  60.27  59.31  57.89  50.27 0.7068 0.7065 0.6364  75.30  74.36  76.47  78.79 
200011 0.7733 0.7681 0.7754  61.94  62.20  59.24  51.88 0.6909 0.6902 0.6164  65.83  65.01  65.69  74.55 
200012 0.7659 0.7617 0.7797  67.49  66.37  61.79  50.49 0.7181 0.7152 0.7138  64.11  63.59  61.37  69.20 
200101 0.7884 0.7838 0.8113  65.30  65.14  59.56  46.18 0.6921 0.6709 0.6700  65.21  66.90  62.94  64.35 
200102 0.7933 0.7895 0.8102  69.10  68.76  64.10  51.61 0.7417 0.7274 0.7319  63.25  64.45  60.79  63.79 
200103 0.7346 0.7361 0.7618  67.31  66.11  60.00  47.73 0.7651 0.7583 0.7406  64.87  65.35  64.90  68.44 
200104 0.7225 0.7349 0.7695  65.73  63.57  57.43  43.83 0.7144 0.7142 0.7041  75.19  74.81  71.58  73.85 
200105 0.7761 0.7860 0.8058  53.67  52.33  48.95  38.30 0.7868 0.7786 0.7776  72.85  74.17  72.71  67.83 
200106 0.7696 0.7792 0.7865  46.08  45.61  43.71  33.70 0.7398 0.7278 0.6942  76.16  77.32  78.64  76.52 
200107 0.7925 0.8039 0.8094  41.50  41.94  39.95  29.56 0.7798 0.7673 0.7488  71.63  73.29  73.81  70.01 
200108 0.7664 0.7703 0.7885  45.51  45.31  42.68  33.93 0.7797 0.7724 0.7786  74.30  74.83  71.52  68.70 
200109 0.7760 0.7682 0.7768  54.30  55.11  52.47  42.18 0.7916 0.7816 0.7304  66.67  67.64  70.90  69.09 
200110 0.8153 0.8022 0.8163  53.79  55.17  51.89  42.89 0.7780 0.7705 0.7455  65.44  66.06  67.23  65.86 
200111 0.8322 0.8404 0.8366  62.83  61.04  60.37  52.66 0.7572 0.7560 0.7543  63.64  63.98  61.55  62.61 
200112 0.8492 0.8503 0.8594  66.66  65.50  62.63  49.56 0.8065 0.8050 0.7810  58.03  58.77  60.12  64.31 
200201 0.7805 0.7906 0.8058  66.25  64.35  60.50  49.58 0.7282 0.7040 0.6588  60.86  63.35  62.62  65.47 
200202 0.7869 0.7826 0.7770  67.44  66.83  65.42  54.93 0.7871 0.7878 0.7824  61.78  61.89  61.03  60.93 
200203 0.7868 0.7775 0.7757  64.80  65.66  63.53  53.86 0.7856 0.7717 0.6935  68.48  69.98  76.42  77.37 
200204 0.7954 0.8033 0.8151  59.51  57.93  54.90  45.80 0.7795 0.7848 0.7681  71.55  70.30  70.20  73.39 
200205 0.7791 0.7830 0.7953  52.37  51.64  48.80  39.96 0.8195 0.8138 0.7731  73.23  73.99  77.42  76.29 
200206 0.7726 0.7495 0.7650  46.61  48.31  45.73  35.62 0.7603 0.7592 0.6908  77.77  76.63  82.14  79.94 
200207 0.7505 0.7475 0.7601  46.15  45.94  43.51  32.96 0.7715 0.7764 0.7607  76.61  75.01  73.94  74.73 
200208 0.7895 0.7841 0.7930  45.33  45.66  43.47  33.70 0.7972 0.7992 0.8124  73.14  72.30  69.15  72.68 
200209 0.7944 0.7859 0.8113  53.74  54.57  50.54  43.22 0.7711 0.7557 0.7186  72.93  74.91  76.64  72.12 
200210 0.8245 0.8175 0.8323  57.47  57.84  54.42  46.82 0.7725 0.7581 0.7451  65.96  67.24  67.11  70.74 
200211 0.8056 0.8032 0.8101  63.22  62.98  60.28  48.61 0.8148 0.7949 0.7661  57.13  59.17  62.60  65.57 
200212 0.8176 0.8102 0.8135  66.35  65.85  63.30  48.57 0.7951 0.7824 0.7761  53.95  55.83  56.11  58.15 
200301 0.8393 0.8367 0.8461  63.52  63.01  60.73  47.67 0.7954 0.7774 0.7486  50.16  52.28  53.49  57.09 
200302 0.8145 0.8075 0.8193  65.18  65.16  61.48  54.47 0.7915 0.7604 0.7318  59.29  62.24  63.72  62.81 
200303 0.8130 0.7992 0.8160  61.47  63.76  59.62  47.12 0.7699 0.7600 0.6999  62.09  63.29  68.55  70.59 
200304 0.8426 0.8281 0.8360  54.23  56.27  54.34  41.79 0.8026 0.7893 0.7512  67.60  69.52  73.30  72.17 
200305 0.8109 0.8085 0.8200  48.47  48.43  46.09  36.92 0.7818 0.7671 0.7807  66.57  68.65  65.25  55.75 
200306 0.7891 0.7953 0.8034  43.63  42.51  40.89  30.60 0.8136 0.8126 0.8230  72.01  71.33  67.45  63.97 
200307 0.7941 0.7890 0.7997  41.21  41.80  39.82  27.47 0.7631 0.7558 0.7812  75.50  75.09  69.34  56.77 
200308 0.7904 0.7899 0.8082  43.36  43.30  40.78  30.80 0.8132 0.7981 0.8190  70.19  71.46  66.19  51.54 
200309 0.7935 0.7824 0.8135  55.55  55.72  50.17  39.13 0.8204 0.7980 0.8002  64.51  68.10  65.89  54.44 
200310 0.8344 0.8247 0.8457  60.55  61.68  56.97  45.89 0.8013 0.7914 0.7907  62.37  62.72  61.49  51.61 
200311 0.8243 0.8232 0.8247  62.16  61.49  59.39  49.72 0.7862 0.7713 0.7664  57.27  59.08  57.59  51.81 
200312 0.8026 0.7954 0.8106  64.06  64.27  60.57  46.77 0.7759 0.7726 0.7653  54.32  54.54  53.70  53.26 
200401 0.7950 0.7970 0.8174  65.60  64.16  59.33  47.26 0.7822 0.7798 0.7940  54.00  54.19  52.49  47.46 
200402 0.8257 0.8274 0.8374  64.13  62.86  59.37  49.27 0.7668 0.7795 0.7904  62.84  61.08  58.92  49.54 
200403 0.8092 0.8061 0.8049  65.38  65.33  63.52  49.68 0.8134 0.8073 0.8110  60.80  61.82  59.95  52.33 
200404 0.8184 0.8217 0.8258  54.66  53.95  51.90  47.29 0.7823 0.7851 0.8001  70.20  69.32  65.20  60.26 
200405 0.8301 0.8252 0.8490  44.73  45.23  41.37  39.19 0.8219 0.8243 0.8416  68.02  67.36  62.19  61.68 
200406 0.7871 0.7824 0.8168  44.94  45.38  40.55  35.72 0.7587 0.7701 0.7902  76.59  74.81  68.20  67.71 
200407 0.8213 0.8179 0.8460  39.29  39.54  35.52  30.93 0.7536 0.7533 0.7931  76.20  75.92  66.53  62.17 
200408 0.8111 0.8121 0.8236  43.72  43.61  40.93  37.13 0.7491 0.7371 0.7610  81.23  82.08  74.66  64.25 
200409 0.7721 0.7694 0.7817  50.43  50.73  47.31  42.22 0.7812 0.7862 0.7978  70.46  69.48  65.42  53.78 
200410 0.7951 0.7998 0.8124  58.83  58.02  54.05  48.48 0.8146 0.8140 0.8141  58.71  59.10  57.38  56.66 
200411 0.8244 0.8185 0.8242  58.22  59.01  55.94  53.75 0.8593 0.8534 0.8640  53.76  54.88  52.28  49.37 
200412 0.8372 0.8381 0.8440  63.56  63.20  60.38  52.82 0.7913 0.7961 0.7846  53.42  53.25  53.04  54.11 
200501 0.8354 0.8277 0.8383  64.91  65.87  62.40  53.41 0.8230 0.8148 0.8209  53.31  54.55  52.44  43.84 
200502 0.8623 0.8542 0.8581  57.98  59.29  57.00  47.59 0.7644 0.7616 0.7841  60.10  60.83  56.83  45.95 
200503 0.8587 0.8590 0.8783  56.11  55.74  50.50  45.15 0.8035 0.7895 0.7981  60.90  62.82  59.54  51.55 
200504 0.8404 0.8437 0.8534  51.34  50.70  48.15  43.12 0.7700 0.7642 0.7689  71.39  72.43  68.63  58.43 
200505 0.7785 0.7783 0.8121  50.28  49.98  44.94  38.06 0.8176 0.8123 0.8262  71.62  72.60  67.47  65.28 
200506 0.7677 0.7720 0.7963  43.63  43.15  39.64  33.12 0.8013 0.7860 0.8252  71.97  74.09  66.39  63.01 
200507 0.7771 0.7913 0.8135  39.09  38.02  34.82  31.25 0.7739 0.7593 0.7771  75.46  77.15  70.49  63.51 
200508 0.7903 0.7916 0.8089  41.87  41.54  38.62  34.47 0.8174 0.7994 0.8263  70.18  72.87  66.13  50.76 
200509 0.7737 0.7662 0.8037  49.32  50.21  44.75  37.44 0.8009 0.7948 0.8277  69.55  69.86  62.98  50.27 
200510 0.8558 0.8484 0.8724  52.28  52.97  47.96  42.28 0.8327 0.8162 0.8435  61.31  63.44  58.20  44.74 
200511 0.8547 0.8545 0.8698  57.58  57.83  53.49  47.60 0.7936 0.7863 0.8128  57.60  58.67  54.11  45.30 
200512 0.8722 0.8661 0.8746  55.16  56.27  53.29  46.29 0.8540 0.8549 0.8801  49.73  50.02  44.68  41.84 
200601 0.8581 0.8514 0.8773  57.94  58.98  52.92  44.77 0.7931 0.7924 0.8057  53.30  52.95  49.68  42.84 
200602 0.8761 0.8689 0.8901  57.62  59.30  53.46  46.03 0.8352 0.8343 0.8548  54.76  54.49  50.49  46.87 
200603 0.8249 0.8211 0.8504  57.31  58.28  52.23  43.07 0.7617 0.7498 0.7778  62.11  63.92  57.83  48.01 
200604 0.8655 0.8674 0.8783  46.91  46.76  43.78  36.88 0.8233 0.8128 0.8396  64.04  64.99  59.02  52.69 
200605 0.8508 0.8422 0.8779  46.53  47.41  41.74  37.51 0.7819 0.7844 0.8138  75.00  73.97  66.74  54.04 
200606 0.7978 0.7931 0.8315  41.74  42.41  37.30  32.07 0.8071 0.8021 0.8364  69.34  69.91  62.57  50.14 
200607 0.7809 0.7774 0.7991  41.08  41.45  38.22  30.74 0.7965 0.7930 0.8127  71.97  72.20  67.04  48.78 
200608 0.8041 0.7963 0.8266  39.27  40.14  36.05  30.53 0.7496 0.7458 0.7762  76.22  76.03  68.46  51.48 
200609 0.8042 0.7926 0.8031  46.28  47.32  44.72  36.99 0.7281 0.7247 0.7646  79.15  78.60  71.38  48.62 
200610 0.8543 0.8404 0.8689  53.95  56.13  49.81  42.29 0.7953 0.8004 0.8330  64.30  63.01  56.98  42.12 
200611 0.8493 0.8474 0.8704  57.95  57.63  52.41  42.86 0.7945 0.7977 0.8348  56.36  56.19  50.33  40.47 
200612 0.8675 0.8617 0.8743  54.25  54.90  51.12  39.23 0.8006 0.8022 0.8346  54.39  54.37  48.61  40.76 
200701 0.8668 0.8597 0.8797  56.10  57.26  51.75  41.13 0.8406 0.8298 0.8634  53.25  55.07  48.86  42.38 
200702 0.8555 0.8536 0.8660  55.57  55.76  52.23  40.45 0.8110 0.8059 0.8359  59.35  59.95  53.87  44.22 
200703 0.8773 0.8732 0.8880  53.73  54.76  50.38  38.68 0.7769 0.7674 0.7974  63.68  65.10  58.49  48.33 
200704 0.8533 0.8555 0.8664  47.62  47.23  44.00  34.48 0.8299 0.8250 0.8459  65.00  65.08  59.76  49.74 
200705 0.8171 0.8174 0.8283  46.49  46.10  44.08  30.80 0.8006 0.8084 0.8304  71.46  69.98  64.68  44.01 
200706 0.8390 0.8508 0.8615  37.90  36.53  34.65  26.33 0.8286 0.8264 0.8391  72.35  73.52  69.07  47.76 
200707 0.8043 0.7795 0.7975  36.29  37.63  35.58  23.57 0.7945 0.7727 0.7951  70.86  73.86  68.64  44.70 
200708 0.8327 0.8163 0.8312  38.91  40.07  37.84  25.78 0.8067 0.8238 0.8436  67.24  64.62  59.78  43.65 
200709 0.8542 0.8397 0.8401  42.40  43.54  43.18  28.78 0.8196 0.8268 0.8390  66.15  63.98  60.52  43.41 
200710 0.8226 0.8042 0.8222  51.93  53.56  50.09  36.02 0.8095 0.7999 0.8031  63.25  64.54  62.48  41.61 
200711 0.8498 0.8388 0.8467  55.46  57.28  55.23  39.71 0.8396 0.8273 0.8378  52.90  53.31  50.98  36.86 
200712 0.8804 0.8594 0.8701  50.66  55.09  52.15  33.41 0.8246 0.8309 0.8428  51.69  49.96  47.38  35.32 
200801 0.8729 0.8719 0.8840  54.00  54.66  51.51  34.95 0.8202 0.8134 0.8256  50.13  50.62  48.12  34.81 
200802 0.8649 0.8511 0.8607  54.39  56.69  54.06  35.58 0.8248 0.8009 0.7949  53.69  55.88  55.44  39.23 
200803 0.8720 0.8563 0.8664  50.22  52.38  49.81  35.45 0.7899 0.7730 0.7839  62.22  63.75  60.28  45.04 
200804 0.8386 0.8276 0.8374  48.49  49.13  47.19  33.82 0.8272 0.8346 0.8531  64.19  64.11  59.22  45.33 
200805 0.8353 0.8203 0.8390  45.60  47.34  44.03  29.96 0.8182 0.8123 0.8331  66.28  66.59  61.79  45.28 
200806 0.8007 0.8059 0.8166  41.67  40.81  38.95  25.66 0.8012 0.8192 0.8340  71.34  68.25  64.02  45.49 
200807 0.7998 0.8036 0.8216  39.01  38.26  35.83  23.79 0.8288 0.8099 0.8321  67.87  71.42  66.12  43.44 
200808 0.8409 0.8041 0.8126  38.97  42.56  40.96  27.04 0.8318 0.8320 0.8482  69.51  69.43  65.18  46.58 
