2000sum 1 0.999839 0.999823 0 1.3888 1.42054 14.0278 1 0.999928 0.999907 0 1.30989 1.42304 48.9604
2000fal 1 0.999894 0.999891 0.00285714 1.36527 1.37714 17.8004 1 0.999915 0.999896 0.00351648 1.21044 1.38132 52.3271
0001win 0.999999 0.999898 0.999898 0.0418681 1.42714 1.44879 16.7854 0.999997 0.999901 0.999882 0.0462637 1.15088 1.27571 36.7584
2001spr 1 0.999904 0.999902 0 1.32978 1.3586 13.2293 1 0.999922 0.999907 0 1.23323 1.32366 37.3111
2001sum 1 0.999892 0.999889 0 1.15548 1.16645 10.2395 1 0.999915 0.999905 0 1.36108 1.45978 40.5252
2001fal 1 0.999903 0.999902 0 1.34337 1.35804 12.4158 1 0.999907 0.9999 0 1.34467 1.43543 37.3388
0102win 1 0.999909 0.999907 0 1.45604 1.47758 16.0636 1 0.999907 0.999897 0 1.2267 1.31264 34.4175
2002spr 1 0.999893 0.999891 0 1.42581 1.44441 14.3735 1 0.999883 0.999866 0 1.5728 1.67011 41.7487
2002sum 1 0.999898 0.999897 0 1.13269 1.14452 10.5959 1 0.999936 0.999909 0 1.36505 1.48387 45.1984
2002fal 1 0.99986 0.999858 0 1.6275 1.63848 12.6547 1 0.999893 0.999874 0 1.48489 1.58196 41.7642
0203win 1 0.999788 0.999788 0 2.39143 2.4033 16.6748 1 0.999831 0.999816 0 1.71692 1.78835 34.2016
2003spr 1 0.999772 0.999771 0 2.17247 2.18258 13.1529 1 0.999867 0.999858 0 1.81 1.86978 33.2802
2003sum 1 0.999644 0.999647 0 1.93429 1.93593 8.85209 1 0.999879 0.999873 0 1.89341 1.92209 25.1286
2003fal 1 0.999801 0.999797 0 1.96609 1.97 10.8627 1 0.999887 0.999884 0 1.69793 1.71946 23.1653
0304win 1 0.999947 0.999944 0 1.24315 1.24598 13.5063 1 0.99999 0.999987 0 0.870544 0.883696 23.9241
2000sum 0.989225 0.98738 0.986181 10.0835 10.9792 11.4087 18.8207 0.988567 0.987305 0.979514 17.1591 18.2452 23.0783 55.9807
2000fal 0.990973 0.990082 0.988672 11.8199 12.5546 13.2696 24.0703 0.986692 0.986002 0.972094 16.1344 16.7166 23.4224 59.6528
0001win 0.991558 0.990817 0.990446 13.5786 14.2256 14.4215 22.8022 0.984342 0.98366 0.976529 14.7352 15.4008 17.8422 43.7015
2001spr 0.992717 0.991959 0.991788 11.3084 11.8927 11.9403 18.5987 0.988823 0.988123 0.983546 15.6332 16.2963 18.8463 44.7018
2001sum 0.991971 0.990973 0.990627 8.86409 9.32 9.26484 14.3805 0.989798 0.988911 0.983939 15.9383 16.5213 19.9243 48.1289
2001fal 0.993204 0.992278 0.991999 11.1512 11.573 11.5622 18.1122 0.988228 0.987435 0.981357 15.7984 16.1301 19.1528 44.01
0102win 0.993235 0.992561 0.992388 13.6213 13.9209 13.8487 22.8025 0.989141 0.988069 0.983175 13.6525 14.2842 16.4752 41.1225
2002spr 0.993512 0.992857 0.992536 11.66 11.9659 12.0016 20.2044 0.991003 0.990129 0.982971 15.2302 15.7469 20.2152 49.8196
2002sum 0.992271 0.991327 0.99081 8.98678 9.23237 9.33269 14.9726 0.989773 0.989026 0.980901 17.2139 17.5938 22.5953 52.8676
2002fal 0.993141 0.991966 0.991689 11.2928 11.8515 11.9233 18.219 0.99033 0.989203 0.982154 14.804 15.461 19.5441 49.1484
0203win 0.992013 0.99042 0.990288 14.4886 15.4157 15.4647 22.9448 0.988905 0.986425 0.981324 13.0569 14.4238 17.1156 40.5522
2003spr 0.993223 0.991431 0.991248 12.2203 13.3278 13.2459 18.0637 0.990947 0.988796 0.984104 13.9244 15.6019 18.7479 40.61
2003sum 0.990783 0.987771 0.987668 9.96196 10.847 10.7853 12.4629 0.991184 0.989129 0.987833 15.2313 16.9306 17.9143 31.0326
2003fal 0.993501 0.99184 0.991672 11.6366 12.4065 12.3997 16.2909 0.991141 0.989141 0.987655 13.8224 15.3387 16.3685 28.8401
0304win 0.991735 0.990514 0.990396 14.1714 14.8453 14.7938 19.2326 0.989715 0.98754 0.985056 12.5397 13.8006 15.1838 29.8752
2000sum 0.965207 0.960087 0.956348 17.8045 19.2923 20.1261 23.3248 0.961247 0.957447 0.936363 30.9333 32.6689 39.5911 62.2825
2000fal 0.967101 0.964688 0.960504 21.9971 22.8952 24.1639 30.613 0.954557 0.952644 0.914144 29.4118 30.2126 39.9357 66.0302
0001win 0.970003 0.968165 0.968332 25.1057 25.7279 25.7293 29.1571 0.950154 0.947751 0.930519 26.4202 27.5831 31.0178 50.6657
2001spr 0.972535 0.970236 0.970111 21.4292 22.1442 22.0517 24.1833 0.960515 0.958149 0.947045 28.7601 29.8594 33.3992 52.3735
2001sum 0.973041 0.970764 0.969559 15.9063 16.4719 16.4905 18.4426 0.964003 0.960611 0.948032 29.9334 31.1154 35.6447 55.6119
2001fal 0.977148 0.974985 0.973659 20.1704 20.5476 20.8286 24.3447 0.960418 0.958074 0.941242 28.4604 28.9072 33.3915 50.6735
0102win 0.976922 0.975178 0.974325 24.5138 24.7269 24.7843 29.9153 0.963815 0.960412 0.946042 24.4796 25.5451 29.1383 48.0951
2002spr 0.976855 0.97514 0.973918 21.3274 21.561 21.6897 26.3945 0.968116 0.96484 0.944313 28.1926 29.2984 36.2891 57.9763
2002sum 0.973342 0.970416 0.968599 16.3738 16.7487 16.989 19.3842 0.967436 0.964704 0.943236 30.1727 30.9951 38.5001 60.2466
2002fal 0.977203 0.974655 0.973748 20.4427 20.9299 21.1161 24.5262 0.968509 0.965233 0.946892 26.1037 27.3627 33.3489 56.0323
0203win 0.977719 0.974825 0.973675 24.0568 24.682 25.0942 29.5308 0.967252 0.962477 0.948258 22.0917 23.8686 28.2378 46.8159
2003spr 0.978408 0.974704 0.973911 21.1043 22.2524 22.2373 23.4369 0.970903 0.966061 0.951002 24.5033 26.4599 32.0345 48.0383
2003sum 0.974407 0.969454 0.969317 15.9728 16.7624 16.7157 16.4084 0.972455 0.967988 0.965093 26.6444 28.6093 29.8337 37.4958
2003fal 0.980481 0.977629 0.976989 20.0472 20.591 20.8052 22.7739 0.971561 0.967688 0.963887 24.1526 25.8588 27.234 34.7242
0304win 0.974172 0.971993 0.971517 24.6939 25.3211 25.2019 25.9022 0.969969 0.966957 0.960151 21.2461 22.4636 24.5538 35.6233
2000sum 0.916773 0.909063 0.904165 27.1407 28.753 29.3764 28.366 0.911365 0.90621 0.874924 45.9139 47.2691 53.6243 67.9084
2000fal 0.920985 0.915822 0.910715 33.9638 34.9405 35.8657 37.2949 0.900226 0.89735 0.835932 42.7471 43.5252 53.0442 71.1557
0001win 0.927823 0.925065 0.929017 38.5688 39.0704 38.1 36.0465 0.894864 0.889558 0.8669 38.2969 39.6415 42.3835 56.7542
2001spr 0.929565 0.925829 0.928769 33.5138 33.9717 33.0535 30.3813 0.91146 0.907374 0.890419 42.5548 43.479 46.5613 59.086
2001sum 0.93362 0.932191 0.931652 24.8553 24.9988 24.731 23.4789 0.919304 0.912429 0.894452 43.9035 45.2803 49.4011 62.0305
2001fal 0.9434 0.940405 0.938671 31.2815 31.4861 31.5788 31.6295 0.914436 0.910293 0.88409 40.959 41.497 45.8365 56.6869
0102win 0.944551 0.941638 0.940518 37.1803 37.2445 37.0689 37.2892 0.923232 0.916241 0.892238 35.0209 36.3371 40.2624 54.4328
2002spr 0.941343 0.93824 0.937717 32.5856 32.7713 32.5052 33.4225 0.929154 0.92224 0.886667 41.6986 43.1654 50.7417 65.2173
2002sum 0.935133 0.927828 0.92645 25.0209 25.7473 25.6734 24.6833 0.9262 0.922155 0.891019 44.3095 44.887 52.2122 66.6044
2002fal 0.94461 0.940808 0.94112 31.4905 31.8817 31.5704 31.8104 0.931223 0.924531 0.896225 37.7969 39.4177 45.726 61.9171
0203win 0.947888 0.942856 0.941174 36.1189 36.7442 36.9382 36.7352 0.929863 0.921857 0.898342 32.1334 34.0974 38.8653 52.2448
2003spr 0.947221 0.941504 0.942092 31.3256 32.3928 31.8739 29.8074 0.930969 0.920767 0.895378 37.3826 39.8331 45.6251 55.1707
2003sum 0.937877 0.930032 0.932014 23.6022 24.5534 24.0404 21.1745 0.935957 0.928069 0.927226 40.6711 42.4564 42.4946 44.4307
2003fal 0.951928 0.947535 0.947724 30.5866 31.228 31.0603 30.3164 0.936404 0.927764 0.923088 35.5884 37.7012 38.5616 41.0113
0304win 0.938459 0.93441 0.935751 36.9403 37.7674 36.9389 33.3419 0.934077 0.930924 0.922013 31.269 32.1635 33.9669 41.3392
2000sum 0.84043 0.831702 0.829726 37.1998 38.5318 38.1615 33.052 0.840836 0.83675 0.803451 61.505 61.7384 65.7742 73.5135
2000fal 0.848519 0.842236 0.839757 47.1464 47.7482 47.5234 43.5776 0.822448 0.820769 0.747558 56.3968 56.298 63.4496 75.1341
0001win 0.866247 0.86031 0.871599 52.5897 53.1035 50.5247 42.7494 0.816097 0.807513 0.789957 50.9456 52.2398 52.5605 61.6645
2001spr 0.855346 0.853232 0.864718 47.2475 47.1337 44.5328 36.7743 0.842031 0.836482 0.81996 57.0675 57.8744 58.9598 65.0135
2001sum 0.867118 0.869267 0.872717 34.6845 34.9383 33.8816 28.1128 0.85217 0.843331 0.823156 59.0428 60.2659 62.5686 67.3267
2001fal 0.888386 0.884848 0.88384 43.527 43.7933 43.304 38.9362 0.853582 0.848544 0.818003 53.0823 53.7606 56.8752 61.9228
0102win 0.887535 0.88504 0.885979 51.7375 51.5613 50.4881 44.393 0.862699 0.853229 0.824696 46.9064 48.4676 50.9626 59.8419
2002spr 0.878359 0.875727 0.877205 45.4789 45.5132 44.5014 40.2226 0.87236 0.865399 0.819016 55.9946 57.137 63.4354 70.8888
2002sum 0.867497 0.857525 0.859953 35.1409 36.0935 35.2002 29.5302 0.860759 0.858098 0.826902 59.9068 59.8715 64.4652 71.7426
2002fal 0.891558 0.885539 0.890156 43.915 44.5941 43.184 39.0563 0.871971 0.861546 0.828017 50.933 52.6707 57.6486 66.3453
0203win 0.894494 0.888488 0.889892 50.5264 50.8614 49.8674 43.8167 0.871558 0.857819 0.82982 43.1979 45.4081 49.0357 56.4332
2003spr 0.892489 0.885048 0.889675 43.3482 44.4041 42.9385 36.0495 0.869748 0.85383 0.824377 50.9011 53.6893 57.8912 61.2005
2003sum 0.875674 0.86874 0.874898 33.0008 33.6196 32.3981 25.5451 0.876803 0.867284 0.873225 56.6251 57.8502 55.7748 51.2792
2003fal 0.89893 0.892024 0.897202 44.2416 44.8212 43.2574 37.7493 0.880068 0.867699 0.862741 48.2314 50.357 50.4088 47.1286
0304win 0.883067 0.877934 0.885834 50.3139 51.005 48.5468 40.7951 0.875039 0.87215 0.865806 42.8241 43.3386 44.0169 46.2856
2000sum 0.730554 0.727326 0.731937 47.5347 47.9869 46.0015 37.5788 0.743873 0.744166 0.722746 78.1442 77.0679 76.5186 79.2022
2000fal 0.755811 0.749669 0.755445 60.5965 60.6051 58.0584 49.9172 0.719629 0.719005 0.657801 70.8339 69.8345 71.5624 78.4485
0001win 0.781681 0.777714 0.799589 67.2962 66.7118 61.7792 49.4266 0.71836 0.705734 0.704867 64.0493 64.8238 61.6899 65.8945
2001spr 0.748754 0.755482 0.781547 61.9102 60.4811 55.3385 43.2635 0.754052 0.749294 0.739326 71.0525 71.4819 69.8211 69.8923
2001sum 0.776289 0.785076 0.795291 44.472 44.3575 42.1866 32.4965 0.766394 0.755678 0.740334 74.0271 75.1449 74.6452 71.6689
2001fal 0.810559 0.805572 0.811683 56.6196 56.8636 54.6965 45.8353 0.775611 0.768978 0.742868 65.2407 65.9037 66.5972 65.9056
0102win 0.809746 0.811932 0.817438 66.3958 65.1716 62.5938 51.0817 0.773176 0.764707 0.74027 60.1376 61.3189 61.1065 63.703
2002spr 0.785998 0.787207 0.795007 58.9698 58.4736 55.7675 46.549 0.795759 0.792083 0.745582 70.8985 71.1118 74.5309 75.5125
2002sum 0.771098 0.759145 0.771252 46.0847 46.7917 44.4045 34.0939 0.778354 0.780248 0.755649 75.3669 74.2256 74.8628 75.7926
2002fal 0.809174 0.804459 0.820077 58.0383 58.2504 54.9004 46.2955 0.787707 0.771649 0.744852 65.111 66.8265 68.5581 69.4156
0203win 0.824285 0.818143 0.825828 64.896 64.6357 61.8526 50.1214 0.793857 0.773943 0.753222 54.6048 56.8643 57.798 59.3558
2003spr 0.820854 0.811387 0.823596 54.8842 56.1742 53.3352 41.9165 0.783086 0.770943 0.74377 65.582 67.2331 68.9665 66.0604
2003sum 0.791273 0.791959 0.803981 42.6992 42.4641 40.4635 29.6304 0.797376 0.789813 0.808562 72.5514 72.596 67.6407 57.5009
2003fal 0.817455 0.8104 0.828122 59.3993 59.5505 55.467 44.9286 0.802999 0.786953 0.786288 61.4569 63.4059 61.6766 52.6946
0304win 0.807135 0.805763 0.821655 64.5253 63.7066 59.6105 47.7132 0.783576 0.78514 0.789171 55.8492 55.4824 54.1295 50.1647
2000sum 0.600896 0.599883 0.620574 57.4444 57.2945 52.9326 41.52 0.632256 0.625892 0.629828 94.2316 93.4119 86.1289 84.9281
2000fal 0.641857 0.646508 0.667432 74.2686 72.9446 67.104 56.2477 0.609811 0.613384 0.579548 84.3957 82.1123 77.3979 81.5934
0001win 0.69277 0.691872 0.728581 79.7343 78.6386 70.7464 56.0259 0.600492 0.594141 0.616924 77.1981 76.502 69.1293 69.6227
2001spr 0.62868 0.646161 0.687825 75.1606 72.4985 64.5727 49.6019 0.66237 0.65797 0.652218 83.6013 82.9898 78.5788 74.4878
2001sum 0.664793 0.68548 0.706711 54.1945 53.1911 49.5631 36.4392 0.666582 0.656248 0.651063 88.3876 88.5082 84.5645 75.3678
2001fal 0.720674 0.710287 0.731331 69.458 69.6682 64.7799 52.0574 0.688584 0.686201 0.668701 76.2541 76.1625 73.872 68.8102
0102win 0.724607 0.728117 0.74613 79.3169 77.4742 72.1855 57.15 0.660429 0.655222 0.650973 73.1254 73.4008 69.5457 66.362
2002spr 0.66847 0.676259 0.698476 72.0909 70.6031 65.1919 52.3062 0.707393 0.706115 0.668116 85.2502 84.5838 84.2763 79.0315
2002sum 0.65574 0.644176 0.675586 56.411 56.4281 51.8576 38.1448 0.69316 0.697345 0.685655 88.7726 86.8159 83.1433 79.279
2002fal 0.708783 0.710451 0.74342 71.6649 70.8227 64.645 52.9126 0.696472 0.680988 0.659292 77.7415 78.7975 77.4795 71.9697
0203win 0.744158 0.738195 0.755559 77.9053 77.1163 72.3081 56.0986 0.706616 0.68001 0.672599 64.4018 66.7561 64.9382 61.8379
2003spr 0.736198 0.72543 0.749135 65.5341 66.5061 61.6859 47.3076 0.673751 0.667756 0.654555 80.9065 81.0374 78.8904 70.1598
2003sum 0.69029 0.700938 0.724235 51.8399 50.7331 47.3552 33.5044 0.71018 0.703341 0.736603 86.6846 85.8812 78.3895 63.3019
2003fal 0.726552 0.717882 0.754374 73.1183 72.5402 65.222 51.3233 0.703142 0.688513 0.706108 74.7415 76.0119 70.8542 58.0119
0304win 0.710701 0.716192 0.743959 78.7152 76.5993 70.1789 54.3224 0.667033 0.677507 0.692171 68.6167 67.2299 63.9551 53.3482
2000sum 0.479061 0.473262 0.513079 65.4998 64.9937 58.0823 44.8953 0.517475 0.510152 0.547079 108.609 107.701 93.5277 90.4134
2000fal 0.527022 0.539033 0.581187 86.3907 84.4329 74.8466 62.1947 0.498279 0.512276 0.517511 95.9521 92.2225 81.0599 84.0782
0001win 0.601867 0.600333 0.65596 90.2889 89.3125 77.8722 62.5393 0.47296 0.481267 0.523369 89.4223 86.8752 75.0177 72.5977
2001spr 0.522921 0.53901 0.59768 85.2896 82.5411 71.6868 55.1775 0.560659 0.560049 0.563619 95.9831 94.6526 85.8916 78.8725
2001sum 0.553052 0.578201 0.613895 62.5049 60.9749 55.7054 39.6664 0.560495 0.55327 0.561948 101.708 100.888 92.9186 78.3553
2001fal 0.621103 0.609859 0.654 81.023 81.1981 73.1181 57.4722 0.595227 0.602425 0.595385 86.5894 85.1778 80.0334 71.0132
0102win 0.642219 0.64261 0.670789 89.7787 88.0892 80.48 62.4021 0.54871 0.548335 0.568693 83.8716 83.3703 75.9378 68.2725
2002spr 0.544867 0.552946 0.595714 84.067 81.8793 73.1015 56.818 0.617166 0.614226 0.589966 97.2517 96.542 92.1956 81.5867
2002sum 0.549412 0.532403 0.585166 64.7801 64.4853 57.6854 41.6903 0.609863 0.619165 0.622648 99.5942 97.0301 89.6393 82.22
2002fal 0.607936 0.602625 0.66109 83.5546 83.0142 73.3129 58.2826 0.599887 0.584058 0.579468 88.794 89.6276 84.5526 73.9621
0203win 0.65357 0.648865 0.677283 90.28 89.3493 81.9934 61.819 0.605436 0.578402 0.584006 74.0677 75.831 71.0238 64.0839
2003spr 0.64148 0.625951 0.663958 75.0143 76.1116 68.9603 52.0188 0.563739 0.560488 0.566714 94.8785 94.4122 87.3376 73.8146
2003sum 0.594993 0.600724 0.639877 59.2236 58.1655 53.0503 37.2293 0.609518 0.602487 0.654052 100.287 99.4562 88.6579 68.8829
2003fal 0.632152 0.623498 0.68453 85.2484 84.3764 73.3795 57.37 0.593763 0.575099 0.613761 86.554 87.6058 78.7487 62.4795
0304win 0.612333 0.621486 0.666096 91.325 88.8188 79.4526 60.1602 0.550574 0.574893 0.592797 80.0511 76.9024 71.9621 56.1943
2000sum 0.379085 0.363627 0.417376 70.964 71.2526 62.0154 47.84 0.418391 0.426254 0.473223 118.795 118.121 99.4211 95.4751
2000fal 0.418223 0.440922 0.504356 95.7125 94.3784 80.8527 67.9272 0.387937 0.401103 0.43976 104.708 101.651 84.7839 85.9836
0001win 0.519409 0.521276 0.593203 98.1454 98.1769 83.0215 68.639 0.382214 0.390093 0.443958 97.178 95.2566 79.4604 75.2389
2001spr 0.433787 0.442201 0.516985 92.2464 90.9194 77.1879 59.9989 0.460736 0.465255 0.485727 106.271 105.596 92.2458 82.6968
2001sum 0.462028 0.470795 0.529539 68.2893 67.6925 60.1826 42.5293 0.461167 0.450091 0.474966 111.29 111.59 100.067 80.8184
2001fal 0.530335 0.517213 0.585311 90.3821 90.4826 79.84 62.333 0.507649 0.515996 0.535079 94.9722 93.6219 84.6062 72.7869
0102win 0.555013 0.554629 0.590672 99.0966 97.6591 87.8607 67.2296 0.450262 0.461791 0.491582 91.8834 90.8808 80.923 69.5518
2002spr 0.435737 0.433409 0.498281 92.7662 91.6614 79.4025 60.4786 0.524056 0.510009 0.506072 107.472 108.195 98.9051 83.4955
2002sum 0.455638 0.428307 0.494883 71.3327 71.3583 62.4961 44.79 0.525644 0.531996 0.558873 109.427 107.685 95.936 84.9261
2002fal 0.511237 0.50568 0.584912 93.1247 92.4866 80.1817 63.0394 0.511751 0.49354 0.510393 97.0678 98.3042 89.7534 75.4765
0203win 0.560005 0.554523 0.601266 101.262 100.673 89.977 67.0095 0.499395 0.467643 0.488782 83.0053 84.9173 76.8544 65.9938
2003spr 0.538493 0.522436 0.575862 84.3833 84.8783 75.0885 56.007 0.468625 0.456312 0.486254 105.769 105.838 94.0904 77.103
2003sum 0.508728 0.507374 0.557648 65.1682 64.484 57.8663 40.713 0.516611 0.512689 0.579967 110.72 109.968 96.1082 74.2482
2003fal 0.537752 0.528226 0.613358 95.6209 94.9782 80.6011 62.7536 0.48974 0.470778 0.516161 96.8994 97.4803 85.5407 66.1753
0304win 0.517764 0.524661 0.587854 102.216 99.7701 87.2235 65.6701 0.44413 0.468071 0.502075 89.9843 86.5488 78.3425 58.9419
2000sum 0.294297 0.275091 0.333477 75.6334 76.6597 65.2215 50.5284 0.343129 0.352152 0.40149 126.849 127.641 104.28 99.9491
2000fal 0.339372 0.362501 0.437153 103.488 102.65 85.5786 73.193 0.302346 0.303711 0.36425 111.269 110.25 88.349 87.6913
0001win 0.43092 0.45214 0.536943 107.124 105.827 87.7492 74.0234 0.311497 0.301553 0.376913 103.418 102.852 82.8732 77.2965
2001spr 0.334438 0.349165 0.43985 99.3898 97.987 81.511 64.198 0.363233 0.381645 0.422079 116.504 114.907 97.1794 86.0546
2001sum 0.374262 0.373873 0.453622 73.46 73.4202 63.7721 45.0326 0.360383 0.358768 0.383714 120.424 119.584 105.582 82.9862
2001fal 0.432477 0.422628 0.519999 99.3165 99.3755 85.2106 66.4154 0.415009 0.430354 0.476572 102.643 100.894 88.1306 74.3683
0102win 0.476052 0.47759 0.520519 107.418 106.199 93.3978 72.1398 0.36889 0.384453 0.421431 98.5496 97.287 85.5178 70.4888
2002spr 0.341116 0.332835 0.419515 99.2591 99.3195 83.6721 63.4303 0.437274 0.414997 0.431208 115.973 117.304 104.446 85.0803
2002sum 0.375482 0.341354 0.424466 76.0536 76.596 65.6301 47.472 0.438862 0.446099 0.500239 119.338 117.67 101.463 87.4347
2002fal 0.424021 0.425268 0.515965 101.01 100.1 85.716 67.2654 0.423027 0.409537 0.441067 104.731 105.361 93.9528 76.7598
0203win 0.470455 0.472696 0.532044 110.978 109.506 96.2281 71.8915 0.396596 0.365677 0.404148 91.338 93.1982 81.9576 67.4859
2003spr 0.428763 0.434467 0.495044 92.4153 91.4519 79.5954 59.4229 0.389056 0.374776 0.413562 114.52 114.307 99.2629 80.0416
2003sum 0.424099 0.42088 0.484294 70.6254 70.2445 61.595 43.5495 0.433686 0.43466 0.50821 119.756 118.305 101.92 79.1789
2003fal 0.45243 0.439011 0.541531 104.171 103.899 86.8324 67.3787 0.400426 0.394816 0.434641 104.847 104.324 90.4897 69.3414
0304win 0.430272 0.434023 0.515183 111.371 109.009 93.243 70.6831 0.355543 0.373959 0.41991 97.4799 95.1329 83.7649 61.6711
2000sum 0.24072 0.208321 0.266804 78.8095 81.0897 67.5961 52.9149 0.275717 0.296813 0.340052 134.069 134.485 107.868 103.393
2000fal 0.296352 0.284534 0.377644 108.611 109.941 89.2598 77.547 0.227289 0.231994 0.304485 117.803 117.421 91.3644 89.3699
0001win 0.355756 0.37017 0.469469 114.912 114.393 92.5891 79.219 0.25154 0.246395 0.318771 108.208 107.736 85.4884 78.8044
2001spr 0.255058 0.271334 0.369502 104.377 103.199 84.7106 67.7034 0.293216 0.305499 0.35846 123.65 122.747 101.174 89.1292
2001sum 0.307991 0.300091 0.384983 77.4507 77.8947 66.7851 47.1804 0.2787 0.278971 0.306161 126.838 125.994 109.426 85.1253
2001fal 0.353935 0.341226 0.463328 106.649 107.3 89.5231 69.7971 0.348836 0.358298 0.433714 107.059 106.926 90.6044 75.3232
0102win 0.397675 0.401631 0.449221 115.691 114.367 98.6175 76.7192 0.29742 0.313506 0.357617 104.17 103.082 89.6462 71.558
2002spr 0.26841 0.274431 0.364488 103.64 103.067 86.0079 65.6809 0.362417 0.334684 0.37357 122.791 124.628 108.094 86.6786
2002sum 0.311912 0.280148 0.37677 79.7345 80.4941 67.6125 49.6961 0.35951 0.372315 0.444565 127.515 125.717 106.145 89.7023
2002fal 0.34358 0.353458 0.446325 108.643 107.314 90.8121 70.9115 0.35018 0.334243 0.372819 110.281 111.3 97.2866 77.7974
0203win 0.3961 0.392031 0.463371 118.404 117.347 101.197 76.4221 0.296385 0.290547 0.33569 99.3103 99.3569 85.8759 68.6574
2003spr 0.334642 0.348775 0.421388 98.6209 97.2062 82.7471 61.9461 0.320369 0.291682 0.344366 121.541 122.173 103.627 82.3754
2003sum 0.348 0.341012 0.41707 75.4703 74.8932 64.5362 45.9932 0.360147 0.359921 0.437475 127.728 126.018 106.884 83.7117
2003fal 0.381525 0.368033 0.481757 111.621 111.315 91.747 71.3776 0.311144 0.314046 0.358504 111.625 110.494 94.3056 72.3254
0304win 0.353533 0.362298 0.442646 119.447 116.612 98.6684 75.1615 0.281846 0.290441 0.342606 103.566 102.132 88.4967 64.0245
2000sum 0.193355 0.179533 0.217079 82.3388 83.6624 69.1785 54.8193 0.213954 0.244538 0.29653 140.791 140.395 110.173 106.252
2000fal 0.236724 0.221431 0.321877 114.944 116.067 92.1759 81.3792 0.18398 0.19029 0.257277 122.533 122.597 93.8314 90.9642
0001win 0.291888 0.300945 0.41122 121.451 121.143 96.7402 83.4167 0.21317 0.189679 0.255699 110.952 112.646 88.1017 80.1036
2001spr 0.201301 0.217063 0.308952 107.312 106.395 86.891 70.3117 0.237987 0.246077 0.301589 129.193 128.45 104.273 92.0061
2001sum 0.254984 0.243235 0.313709 80.7073 81.3456 69.4028 49.0789 0.211288 0.202714 0.246225 132.535 133.119 112.843 87.5253
2001fal 0.295277 0.271674 0.402865 112.238 114.145 93.9779 72.5912 0.308225 0.313714 0.398794 109.907 111.252 92.598 76.3964
0102win 0.31688 0.329024 0.377607 123.648 121.86 103.409 80.3058 0.231368 0.245789 0.296806 109.055 108.47 92.6795 72.6554
2002spr 0.202518 0.225713 0.308905 107.479 105.508 87.7659 67.3862 0.302446 0.285323 0.326705 128.34 129.265 110.802 88.3444
2002sum 0.266047 0.225503 0.338966 82.3796 83.9928 69.2691 51.6637 0.304376 0.320096 0.395308 133.188 131.812 109.747 91.7378
2002fal 0.285195 0.299401 0.389153 114.603 112.681 94.4855 73.9843 0.281547 0.265922 0.316146 115.063 116.295 99.6067 78.8792
0203win 0.33687 0.325394 0.398631 124.793 123.867 105.149 80.2655 0.214541 0.228019 0.26731 105.95 104.742 89.2295 69.8431
2003spr 0.266872 0.273252 0.354402 102.629 101.856 85.2482 63.8333 0.256412 0.225045 0.291974 127.77 128.85 107.043 84.6368
2003sum 0.28208 0.263612 0.354682 79.1878 78.8768 66.8597 48.0661 0.282607 0.291866 0.369841 135.692 132.76 111.179 88.0101
2003fal 0.320491 0.311828 0.418855 117.444 116.78 96.0399 74.9371 0.231923 0.240361 0.294413 117.473 115.877 96.89 75.0487
0304win 0.282733 0.294842 0.369922 126.147 123.46 103.545 79.2442 0.224498 0.221527 0.283652 109.031 107.927 92.0999 66.1052
2000sum 0.14718 0.154994 0.193159 85.7856 85.5623 70.0425 56.4424 0.163003 0.190735 0.259641 147.033 146.142 112.042 108.607
2000fal 0.198196 0.186933 0.273975 119.846 120.484 94.5547 84.8314 0.155185 0.163493 0.231298 125.406 125.882 95.0305 92.4839
0001win 0.242379 0.257059 0.365643 127.24 125.825 99.9487 87.2588 0.173798 0.147076 0.213159 113.355 115.859 89.5987 81.3981
2001spr 0.175411 0.181478 0.260068 108.977 108.387 87.98 72.2072 0.181885 0.205294 0.25542 135.097 133.855 106.879 94.8233
2001sum 0.210115 0.199816 0.25654 83.5332 84.2654 71.7576 50.6653 0.164068 0.153869 0.200014 136.364 137.806 114.77 89.6872
2001fal 0.254699 0.219983 0.337292 117.118 119.528 98.3473 75.2627 0.264097 0.288625 0.378098 113.514 114.497 93.7047 77.4776
0102win 0.258354 0.265269 0.318196 128.821 127.829 107.154 83.4437 0.185587 0.198965 0.2513 112.93 112.556 95.0036 73.5936
2002spr 0.142345 0.173778 0.258604 110.393 107.831 88.8605 68.5873 0.248681 0.246466 0.284309 133.33 133.605 113.86 89.9548
2002sum 0.219572 0.189939 0.304844 85.227 86.3232 70.5853 53.3827 0.255934 0.276964 0.344389 138.115 136.676 112.951 93.3874
2002fal 0.24182 0.237997 0.336901 119.008 118.09 97.5947 76.7179 0.222739 0.198854 0.273087 119.762 121.078 101.335 79.945
0203win 0.265815 0.270386 0.34836 131.309 129.305 107.688 83.3865 0.148996 0.160908 0.19089 111.41 110.614 92.7452 70.9512
2003spr 0.217555 0.211968 0.305319 105.462 105.569 87.0015 65.5659 0.203321 0.166038 0.242099 132.925 134.851 110.033 87.0599
2003sum 0.231577 0.193349 0.298869 82.328 82.9317 68.8972 49.9297 0.218077 0.241646 0.31622 142.075 137.8 114.278 91.6415
2003fal 0.268326 0.263338 0.361452 121.832 120.927 99.6174 77.978 0.173227 0.179143 0.242545 121.699 120.545 98.6967 77.5415
0304win 0.232475 0.236179 0.307476 130.498 128.944 107.225 82.9075 0.183444 0.187341 0.246263 113.059 111.513 94.7215 67.9969
2000sum 0.106445 0.120471 0.163627 88.4797 88.1228 71.3699 57.6011 0.12623 0.154479 0.223711 151.448 150.703 113.393 110.827
2000fal 0.18992 0.143871 0.244936 122.537 125.773 96.2546 87.7306 0.118129 0.127504 0.19234 129.113 129.367 96.4896 94.0817
0001win 0.190509 0.22639 0.330529 132.628 129.221 101.97 90.569 0.125391 0.123688 0.180827 116.397 116.737 90.5828 82.8076
2001spr 0.119974 0.161191 0.221252 112.757 109.54 88.6681 73.5313 0.139355 0.158444 0.215389 140.133 139.447 109.203 97.3525
2001sum 0.161534 0.159106 0.233164 86.2597 86.72 72.7879 51.9679 0.122353 0.119574 0.155822 139.546 140.928 116.362 91.7879
2001fal 0.222314 0.185832 0.281398 121.47 124.091 101.955 77.7665 0.231934 0.26357 0.357278 116.298 117.647 95.0159 78.6341
0102win 0.213968 0.215816 0.270019 132.266 132.455 109.042 86.3444 0.133785 0.157915 0.203941 116.784 116.671 97.6012 74.5044
2002spr 0.104018 0.141879 0.230268 111.732 109.092 89.0584 69.4063 0.197735 0.197713 0.251105 138.938 138.58 116.53 91.4815
2002sum 0.178461 0.169099 0.282842 87.6401 87.8909 71.5 54.7851 0.221001 0.215583 0.303914 140.719 141.97 114.952 94.7245
2002fal 0.194043 0.181179 0.296764 123.23 122.637 99.4866 79.0865 0.174734 0.151024 0.233227 123.64 124.443 102.845 80.8052
0203win 0.220951 0.221531 0.307897 134.036 133.894 109.102 86.0606 0.104867 0.115919 0.137736 115.167 114.985 95.1778 72.1074
2003spr 0.175585 0.164883 0.260268 107.825 108.495 88.3598 66.82 0.161161 0.124726 0.214218 136.708 139.247 111.403 89.4031
2003sum 0.188487 0.149887 0.253206 84.9434 85.8609 70.7581 51.5678 0.171391 0.190239 0.26866 145.641 142.844 116.351 94.9744
2003fal 0.218482 0.204414 0.312253 126.176 125.013 102.29 80.3229 0.136875 0.132118 0.19643 124.077 123.802 100.24 79.7176
0304win 0.180924 0.200516 0.249956 134.778 132.333 110.087 85.9624 0.140811 0.150903 0.213381 116.618 114.579 96.6747 69.6368
2000sum 0.082375 0.0800565 0.127319 90.2033 90.9907 72.8135 58.7691 0.10649 0.126627 0.190885 152.96 153.992 114.307 112.455
2000fal 0.175859 0.132365 0.226968 124.956 128.159 97.3256 90.1592 0.10572 0.0907923 0.146678 130.83 133.16 98.1763 95.1356
0001win 0.135091 0.191327 0.307935 136.881 132.683 102.641 93.2351 0.0937692 0.0973725 0.150347 119.072 118.869 91.7727 83.997
2001spr 0.0748602 0.12354 0.184509 115.585 111.919 89.7523 74.3218 0.117418 0.129265 0.18901 142.763 143.225 110.843 99.5088
2001sum 0.123617 0.123904 0.218485 88.2035 88.7173 73.6172 53.0796 0.0889376 0.0979828 0.130874 142.504 144.263 117.596 94.1783
2001fal 0.194439 0.156493 0.249925 125.046 128.045 104.315 79.8375 0.223282 0.228845 0.344532 117.439 120.137 95.6868 79.9683
0102win 0.178909 0.177276 0.238143 135.156 136.222 110.045 88.6546 0.111009 0.1195 0.161777 119.107 120.854 99.9189 75.4666
2002spr 0.0926764 0.110544 0.205807 111.101 110.112 89.4689 69.9585 0.170355 0.158284 0.214215 142.211 142.993 118.762 93.0576
2002sum 0.148003 0.136151 0.254503 89.5582 89.797 72.4718 56.0663 0.192376 0.176214 0.26749 142.516 144.425 116.116 96.0763
2002fal 0.151074 0.150133 0.25752 127.234 126.169 101.464 81.4217 0.139061 0.129249 0.209559 125.853 126.115 103.985 81.6205
0203win 0.191267 0.19428 0.25379 135.622 136.346 111.09 88.3743 0.076445 0.0955835 0.0938627 117.539 117.54 97.2918 73.2545
2003spr 0.143268 0.138347 0.234506 109.158 109.668 88.707 67.6176 0.139043 0.0965882 0.186369 138.778 142.895 113.134 91.8674
2003sum 0.161284 0.110608 0.220307 86.8795 88.9369 72.1732 52.8846 0.136886 0.129403 0.212343 148.334 148.261 118.305 98.2254
2003fal 0.185192 0.161522 0.269241 128.845 128.52 104.471 82.294 0.119978 0.118822 0.164089 125.419 125.11 101.388 81.5123
0304win 0.137956 0.168237 0.194659 139.089 136.299 112.761 88.6747 0.105562 0.109996 0.187109 118.695 117.959 97.9844 71.0514
2000sum 0.0729565 0.0538957 0.108163 91.0476 92.7089 73.7512 59.7721 0.0973544 0.10362 0.169883 154.198 156.634 115.289 113.664
2000fal 0.150153 0.131952 0.204026 127.447 129.081 98.6212 91.9121 0.0988143 0.0840385 0.120401 130.669 133.054 98.6303 95.8975
0001win 0.101751 0.160536 0.274421 139.127 135.666 103.527 95.3006 0.0822274 0.0832593 0.151296 119.934 120.289 91.85 84.6474
2001spr 0.056372 0.0919119 0.153917 117.051 114.189 91.0576 74.7949 0.107224 0.106723 0.170067 143.475 145.918 112.117 101.545
2001sum 0.114663 0.104899 0.206671 89.1276 90.279 74.5873 54.158 0.0672677 0.0829849 0.122704 144.71 146.929 118.134 96.1822
2001fal 0.165846 0.140171 0.229224 127.977 131.248 106.085 81.8605 0.204168 0.201141 0.334186 119.153 121.832 96.1034 81.2693
0102win 0.139058 0.133303 0.213195 138.145 140.473 111.027 90.6136 0.0955385 0.0970033 0.13129 121.105 123.48 101.585 76.283
2002spr 0.0810505 0.101167 0.182155 111.114 109.952 89.93 70.2926 0.152343 0.127203 0.193951 144.088 146.469 120.034 94.386
2002sum 0.115513 0.115656 0.225811 91.3422 90.9704 73.4992 57.1746 0.160289 0.161497 0.223514 144.623 144.973 117.655 97.5659
2002fal 0.121679 0.145654 0.226037 130.068 128.567 103.364 83.5068 0.105831 0.107204 0.190504 127.355 128.353 105.022 82.4622
0203win 0.153569 0.159679 0.215155 138.357 138.696 112.408 90.3324 0.055934 0.0772538 0.0585813 119.396 119.134 98.9322 74.4373
2003spr 0.112973 0.116627 0.218334 110.301 110.12 88.7882 68.118 0.105567 0.0878817 0.160127 142.097 145.326 114.893 94.2083
2003sum 0.142843 0.0874122 0.193247 88.7585 90.9549 73.4781 54.2386 0.116966 0.0912155 0.172821 150.502 151.601 119.658 100.782
2003fal 0.15873 0.134087 0.233838 130.779 131.646 106.335 84.0583 0.111087 0.110797 0.157133 126.211 126.332 101.368 83.0722
0304win 0.105087 0.124312 0.150243 142.446 140.807 114.65 91.1435 0.0771987 0.0851868 0.162405 119.614 120.238 98.8483 72.4138
