2006 0.999956 0.999818 0.999732 0.526919 1.90986 2.18943 6.70232 0.999947 0.99986 0.999762 0.666967 1.91858 2.50739 10.0533
2006 0.992354 0.990798 0.990774 10.6387 11.145 11.0367 10.2841 0.991296 0.990123 0.990025 14.2095 15.2169 15.3948 14.866
2006 0.978777 0.976506 0.976955 17.2592 17.6439 17.3943 15.419 0.973238 0.971111 0.971988 24.2818 25.3509 25.0304 21.3191
2006 0.950073 0.945996 0.950108 25.1814 25.9953 24.9081 21.7259 0.935628 0.932297 0.937265 37.0465 38.036 36.5183 28.9979
2006 0.898759 0.892524 0.904543 35.6548 36.5838 34.0954 28.8449 0.87172 0.868205 0.882919 52.1062 52.6869 49.1328 37.464
2006 0.821996 0.814104 0.837421 47.6211 48.5149 44.1668 36.3082 0.782814 0.781457 0.813723 67.5808 67.4619 61.0151 46.207
2006 0.718338 0.711382 0.753048 60.0425 60.6679 53.5891 43.5684 0.677615 0.675544 0.733275 82.159 81.928 71.6479 54.7216
2006 0.599318 0.598275 0.662335 71.635 71.8679 61.4994 50.1596 0.575326 0.573325 0.649171 94.9449 94.3301 80.6241 62.33
2006 0.48796 0.485504 0.574983 80.7846 81.5077 67.9169 55.6773 0.484888 0.476797 0.565388 105.08 104.682 87.9357 68.9427
2006 0.393046 0.393395 0.495914 88.3248 88.7184 72.8433 60.3108 0.397633 0.386303 0.480966 113.475 113.644 94.2234 74.6092
2006 0.315649 0.319942 0.425926 94.2049 94.5195 76.662 64.0884 0.318341 0.308258 0.402824 121.03 121.165 99.338 79.2831
2006 0.264016 0.253766 0.370927 98.0196 99.8452 79.5419 67.1956 0.249461 0.244607 0.340191 126.98 126.848 102.979 83.0708
2006 0.221117 0.204752 0.32446 101.225 103.906 81.7789 69.693 0.195309 0.184225 0.284922 131.742 132.182 105.699 86.2304
2006 0.18609 0.176023 0.293314 104.122 106.19 83.1312 71.7101 0.161545 0.147183 0.242734 134.88 135.752 107.75 88.9736
2006 0.152853 0.161064 0.267531 106.956 107.686 84.1806 73.384 0.134146 0.115921 0.210728 137.83 138.408 109.293 91.0624
2006 0.125145 0.136955 0.240033 109.498 109.563 85.2954 74.7149 0.104124 0.0921057 0.186716 140.557 139.964 110.233 92.5138
