2004 1 0.999932 0.99993 0 1.14841 1.14995 11.3687 1 0.999999 0.999998 0 0.964274 0.97937 23.1166
2004 0.992268 0.991023 0.990902 11.7197 12.3028 12.2581 16.5331 0.990899 0.989863 0.988412 14.0226 14.8421 15.9006 29.3508
2004 0.976388 0.974937 0.974651 20.0645 20.3626 20.289 22.5488 0.971671 0.970009 0.966465 24.4237 25.2244 26.6333 35.9533
2004 0.944053 0.94139 0.942318 29.926 30.3399 29.7916 29.6347 0.934798 0.932758 0.929125 36.851 37.3875 38.0783 42.9372
2004 0.888849 0.885862 0.891247 41.7667 42.0679 40.3797 37.0476 0.874787 0.872749 0.875007 50.7528 51.0693 49.8145 49.814
2004 0.809572 0.807973 0.822381 54.5198 54.3971 50.9242 44.3198 0.790105 0.791068 0.804885 65.4105 65.171 61.1812 56.4113
2004 0.708465 0.708616 0.737774 67.3946 66.8024 60.7638 51.0848 0.687565 0.692302 0.721233 79.5119 78.673 71.6302 62.5167
2004 0.598404 0.596997 0.644566 79.0755 78.6102 69.4906 56.9062 0.577144 0.584442 0.634333 92.5633 91.3592 80.4713 68.0147
2004 0.491488 0.489232 0.552755 88.7541 88.4052 76.4354 61.1324 0.476789 0.484147 0.550454 103.094 101.762 87.6845 72.1476
2004 0.399361 0.403859 0.47245 96.0923 94.9485 81.3596 63.9628 0.390715 0.397522 0.474073 111.61 109.67 93.1185 74.9201
2004 0.322212 0.331301 0.404976 102.183 100.237 84.8182 66.4085 0.312248 0.319843 0.399302 118.825 116.235 97.7593 77.0771
2004 0.257232 0.265945 0.348286 107.314 104.954 87.4155 68.6034 0.254493 0.26016 0.33187 124.052 121.528 101.712 78.992
2004 0.208848 0.215737 0.296809 111.058 108.655 89.6308 70.5247 0.210128 0.210415 0.277147 127.803 126.074 104.744 80.8651
2004 0.171217 0.179826 0.254442 113.963 111.191 91.3036 72.2063 0.164896 0.160581 0.2296 131.727 130.316 107.125 82.6589
2004 0.142759 0.148876 0.221546 116.071 113.525 92.5479 73.6479 0.129568 0.123644 0.19192 134.937 133.543 109.08 84.338
2004 0.116526 0.120988 0.192291 118.122 115.929 93.7118 74.9141 0.101283 0.0990297 0.161116 137.22 135.722 110.494 86.035
