2005 1 0.999645 0.999644 0.00437326 2.60563 2.61036 10.1891 0.999999 0.999829 0.999826 0.0048468 2.47301 2.48293 17.8806
2005 0.993033 0.991563 0.991476 11.2552 11.9979 11.955 14.6418 0.991126 0.989864 0.989137 14.1656 15.2126 15.896 23.5951
2005 0.979941 0.978189 0.977974 18.6164 19.071 19.0505 20.1951 0.972715 0.970468 0.968776 24.3776 25.3949 26.2139 30.1265
2005 0.952438 0.950535 0.951687 27.3841 27.7899 27.3461 26.9635 0.937157 0.933322 0.933342 36.585 37.632 37.4603 37.3768
2005 0.901331 0.899537 0.906481 38.8611 39.1683 37.3731 34.3117 0.881352 0.874687 0.881823 50.277 51.5642 49.3119 44.9091
2005 0.822758 0.821197 0.840671 51.7875 52.0027 48.0166 41.8238 0.803913 0.793435 0.814137 64.4593 65.9602 60.8437 52.2829
2005 0.72225 0.721291 0.759859 64.6613 64.7313 57.7411 48.9219 0.713194 0.698229 0.739153 77.8158 79.2117 70.6455 59.0089
2005 0.615778 0.613651 0.677293 76.0855 76.2671 65.7756 55.1657 0.617374 0.60257 0.665207 89.7909 90.8053 78.727 65.0378
2005 0.518008 0.520335 0.599527 85.4005 85.2122 72.372 60.0971 0.522536 0.507321 0.591704 99.7558 100.769 85.399 69.8396
2005 0.431337 0.437156 0.524158 93.2199 92.4755 77.687 63.6958 0.432791 0.41929 0.521509 108.697 108.823 90.8304 73.3446
2005 0.358238 0.365057 0.459489 99.1642 98.2471 81.5547 66.6975 0.353139 0.336458 0.451626 115.84 115.75 95.4157 76.1329
2005 0.297358 0.309778 0.406399 104.133 102.559 84.4132 69.1886 0.285104 0.269602 0.384816 121.817 121.404 99.5049 78.5289
2005 0.24568 0.264616 0.36484 108.526 106.054 86.6139 71.2651 0.22716 0.211807 0.328458 126.773 126.305 102.657 80.7018
2005 0.195502 0.220732 0.324957 112.148 109.271 88.3627 73.051 0.185591 0.169464 0.282783 130.813 130.162 105.036 82.8614
2005 0.152568 0.185865 0.29004 115.078 111.683 89.7135 74.5152 0.154713 0.139146 0.246382 134.2 133.284 106.999 84.954
2005 0.132385 0.159021 0.266767 117.064 114.105 90.7092 75.6923 0.1245 0.11682 0.217332 136.86 135.57 108.288 86.8782
