2006 1 0.999641 0.999641 0 3.76387 3.763 9.11207 1 0.999677 0.999677 0 3.2864 3.2856 11.9714
2006 0.994727 0.993534 0.993537 11.3231 12.3551 12.2461 13.3233 0.991158 0.989529 0.989517 13.2129 14.4733 14.695 17.0224
2006 0.983789 0.982231 0.982413 19.3768 19.9587 19.7406 19.0197 0.973795 0.971221 0.971334 22.5125 23.6241 23.6808 23.6683
2006 0.961195 0.958487 0.960247 28.5841 29.2152 28.4708 26.0389 0.938899 0.935519 0.937741 33.6667 34.6131 34.0147 31.5007
2006 0.919554 0.91515 0.923547 40.4889 41.2785 38.7671 33.8579 0.881227 0.878377 0.886415 46.9244 47.2965 45.03 39.9523
2006 0.855676 0.851723 0.874655 53.596 54.3586 49.1712 41.8504 0.799066 0.796114 0.817911 61.2227 61.2382 56.2065 48.4791
2006 0.774733 0.773881 0.815224 66.3625 66.7069 58.7294 49.6425 0.698277 0.700055 0.738215 74.8978 74.1044 65.923 56.6629
2006 0.68429 0.686159 0.747915 78.2695 78.3421 67.3078 56.7159 0.58367 0.590604 0.648381 87.6431 86.1597 74.6612 63.7024
2006 0.587705 0.59268 0.674109 88.9193 89.3091 74.9708 62.8538 0.472918 0.481578 0.552506 98.6824 96.9312 82.4654 69.4545
2006 0.498967 0.50281 0.605661 97.6924 98.1385 80.9235 67.8477 0.367811 0.377917 0.46165 108.264 106.296 88.6098 74.4296
2006 0.421719 0.425456 0.542635 104.693 104.955 85.6197 72.1352 0.27698 0.283885 0.385403 115.737 114.327 93.1244 78.3055
2006 0.360123 0.368079 0.490947 110.282 109.872 89.0983 75.8169 0.221691 0.214366 0.321971 120.437 120.267 96.4157 81.3241
2006 0.310363 0.310058 0.440206 114.726 115.02 92.2058 78.6712 0.173792 0.168385 0.262913 125.402 124.458 99.3554 84.1189
2006 0.271668 0.254515 0.397582 118.133 119.792 94.4507 80.9657 0.143562 0.136952 0.213343 129.135 127.055 101.693 86.1094
2006 0.226138 0.219402 0.365002 121.939 122.562 95.9386 82.8091 0.120623 0.109926 0.177257 131.413 129.423 103.317 87.6832
2006 0.200209 0.192844 0.334579 124.594 124.886 97.4014 84.3773 0.102565 0.0918866 0.156482 133.367 131.32 104.351 88.9625
