2000 1 0.999863 0.999855 0.0164935 1.40403 1.4255 15.8632 0.999999 0.999916 0.999894 0.0182251 1.27268 1.40632 48.5304
2000 0.990128 0.988599 0.987452 11.2599 12.1457 12.6646 21.4232 0.986925 0.985911 0.975709 16.6183 17.502 22.6643 55.8026
2000 0.966085 0.96172 0.9587 20.509 21.8174 22.6432 26.9141 0.956583 0.953664 0.926692 30.1387 31.4309 38.8291 62.4765
2000 0.918922 0.911598 0.90895 31.4198 32.8716 33.2348 32.7387 0.904273 0.900165 0.859119 44.354 45.4302 52.4115 68.3087
2000 0.846242 0.836303 0.836986 43.1598 44.425 43.6762 38.3774 0.829177 0.826678 0.780863 59.1896 59.1592 63.9003 73.4542
2000 0.744101 0.737243 0.745007 55.3703 55.798 53.1698 44.008 0.734026 0.733536 0.698615 74.2376 73.2402 73.7117 78.2477
2000 0.625765 0.621481 0.645487 67.0623 66.9345 61.3329 49.3857 0.626424 0.62651 0.616742 88.7927 87.1183 81.6645 82.7995
2000 0.509378 0.503047 0.547969 77.2304 76.8383 68.001 54.2652 0.51321 0.517231 0.539532 102.021 99.6988 87.9206 86.8403
2000 0.409421 0.400624 0.463541 84.5294 85.0673 72.9793 58.6545 0.408705 0.417338 0.46124 112.028 110.366 93.2609 90.2006
2000 0.327637 0.319142 0.391198 90.7999 91.8096 76.7955 62.608 0.324952 0.329576 0.385565 119.926 119.875 97.8405 93.2232
2000 0.274006 0.250152 0.326173 95.2825 97.4735 79.8555 65.9529 0.254334 0.260113 0.319606 127.112 127.35 101.346 95.8645
2000 0.216966 0.202254 0.274635 100.293 101.479 81.9902 68.7848 0.200592 0.21027 0.267505 132.952 132.851 103.899 98.0571
2000 0.172633 0.16815 0.239052 104.363 104.523 83.4783 71.2578 0.15982 0.169554 0.23031 137.378 137.603 105.455 100.057
2000 0.151618 0.134353 0.214126 106.529 107.745 84.6317 73.1489 0.124971 0.136797 0.192113 140.962 141.569 106.927 102.022
2000 0.129102 0.111811 0.1901 108.538 109.856 85.711 74.4965 0.108872 0.107989 0.157864 142.416 144.642 108.05 103.449
2000 0.111005 0.0973532 0.167132 110.189 111.032 86.7775 75.4739 0.101546 0.0907775 0.141733 142.965 146.009 108.472 104.577
