2001 1 0.999901 0.9999 0 1.31648 1.33532 12.907 1 0.999911 0.999902 0 1.27967 1.37532 37.3175
2001 0.992701 0.991854 0.991648 11.2291 11.7469 11.7249 18.1728 0.988509 0.98774 0.982727 15.3728 15.9257 18.6571 44.437
2001 0.974524 0.97241 0.971768 20.5237 21.0924 21.1264 23.7007 0.960857 0.958215 0.94507 28.1509 29.1219 33.0143 51.6743
2001 0.936807 0.934026 0.934762 31.848 32.1782 31.725 30.0839 0.91465 0.909399 0.889158 40.9463 42.0132 45.6531 58.0436
2001 0.874435 0.87245 0.87787 44.2889 44.4985 42.9759 36.3855 0.847329 0.84011 0.818539 54.4439 55.5152 57.3854 63.4391
2001 0.786424 0.788515 0.803862 57.3732 56.8963 53.4947 42.5426 0.759407 0.7508 0.737026 68.1521 68.9681 67.929 67.7464
2001 0.685081 0.693087 0.722811 69.5578 68.2964 62.4119 48.3921 0.660053 0.654438 0.651816 80.8691 80.6335 76.3115 71.3187
2001 0.585324 0.593223 0.642494 79.7517 78.3986 69.6371 53.6337 0.553663 0.555511 0.566181 92.7576 91.3297 83.2084 74.4018
2001 0.497034 0.497827 0.56647 87.2984 86.8112 75.293 58.2489 0.458757 0.461457 0.49019 101.85 100.928 88.8804 77.0659
2001 0.404442 0.407599 0.497709 94.8675 94.3639 79.859 62.3655 0.36797 0.3747 0.420436 110.254 109.015 93.2795 79.4054
2001 0.32699 0.330555 0.43288 101.149 100.741 83.7106 65.9224 0.298215 0.302367 0.360646 116.163 115.542 96.6297 81.4089
2001 0.270037 0.267143 0.368771 105.649 105.906 87.1123 68.81 0.244374 0.242293 0.307909 120.561 121.111 99.3366 83.4321
2001 0.228254 0.221648 0.312441 109.38 109.726 89.9496 71.2363 0.195151 0.201705 0.26776 124.781 125.39 101.29 85.2729
2001 0.178365 0.185647 0.269601 113.582 112.933 91.9176 73.3075 0.156011 0.167652 0.232587 128.305 128.835 103.103 87.1235
2001 0.13384 0.149546 0.239656 117.013 116.109 93.3333 74.9797 0.129103 0.13783 0.206113 130.964 131.899 104.487 88.9692
2001 0.109747 0.125731 0.214826 118.97 118.584 94.615 76.4305 0.111261 0.114757 0.192619 132.658 134.285 105.296 90.55
