2002 1 0.999877 0.999876 0 1.48885 1.50442 13.4477 1 0.9999 0.99988 0 1.45305 1.55275 41.109
2002 0.992831 0.991895 0.991573 11.4536 11.838 11.8835 19.0696 0.990052 0.988954 0.982078 15.2046 15.8273 19.8436 48.5163
2002 0.975734 0.973386 0.972067 20.6499 20.9851 21.1901 25.1005 0.967205 0.963904 0.945156 27.106 28.2468 34.3707 55.8009
2002 0.9405 0.935938 0.934875 31.5471 31.9439 31.822 31.8847 0.92758 0.92119 0.891794 39.6104 40.9531 47.2279 62.1166
2002 0.879348 0.873538 0.875777 44.083 44.524 43.4189 38.3638 0.866133 0.858074 0.82406 53.402 54.6168 59.1421 67.0755
2002 0.791791 0.787841 0.79813 57.2239 57.0822 54.2892 44.4933 0.782511 0.774946 0.746088 67.7442 68.3529 69.6455 70.8719
2002 0.685334 0.685329 0.710926 69.7893 68.7 63.4381 50.0016 0.689685 0.683302 0.665919 80.7375 80.6338 78.3277 73.8837
2002 0.578161 0.576288 0.620195 80.7275 79.3727 71.2758 54.6884 0.593627 0.58862 0.588176 91.9846 91.4467 85.3393 76.2501
2002 0.480618 0.472771 0.533665 89.2973 88.4665 77.6135 58.7764 0.501442 0.494812 0.514603 101.106 101.121 91.0883 78.1026
2002 0.392574 0.384746 0.45891 96.2871 95.7856 82.3953 62.4585 0.414776 0.407203 0.443338 109.26 109.229 96.0463 79.673
2002 0.320137 0.317206 0.396236 101.971 101.446 86.0077 65.5485 0.337423 0.331356 0.38127 115.965 115.901 99.8882 81.152
2002 0.258546 0.260092 0.340366 106.904 106.049 88.9035 68.1311 0.27748 0.273885 0.328177 120.988 121.03 102.771 82.6582
2002 0.204574 0.206558 0.292284 110.9 110.134 91.1238 70.2791 0.227298 0.225861 0.284215 125.424 125.574 105.194 84.0216
2002 0.161937 0.167272 0.259965 113.749 113.15 92.3673 72.1015 0.180395 0.176823 0.242994 129.47 130.1 107.421 85.2311
2002 0.133222 0.136038 0.230471 115.58 115.441 93.4521 73.7337 0.150384 0.144262 0.207708 131.969 133.254 109.202 86.3993
2002 0.10883 0.117757 0.204991 117.364 117.187 94.4724 75.087 0.127932 0.124224 0.179748 133.76 135.46 110.568 87.5112
