2003 1 0.999764 0.999763 0 2.02193 2.02777 12.176 1 0.999875 0.999868 0 1.71135 1.75209 28.1647
2003 0.992348 0.990363 0.990207 12.0536 12.9583 12.9342 17.2132 0.990344 0.988104 0.984996 13.9987 15.5683 17.4568 34.527
2003 0.97741 0.973828 0.973198 20.3239 21.1258 21.2333 22.7963 0.969965 0.965432 0.956445 24.3724 26.1944 29.2158 41.1038
2003 0.945634 0.939801 0.940305 30.388 31.2747 30.9623 29.254 0.932157 0.923511 0.909828 36.5175 38.5289 41.3046 47.7312
2003 0.889715 0.88306 0.88798 42.6273 43.3102 41.9172 35.5352 0.873508 0.860888 0.846223 49.7473 51.7441 53.1466 53.6649
2003 0.812307 0.80682 0.820241 55.2609 55.5777 52.5779 41.4238 0.793296 0.779834 0.771509 63.4624 64.8421 63.8362 58.6245
2003 0.723651 0.719226 0.745209 66.8673 66.6864 61.5138 46.8978 0.696486 0.684642 0.690166 76.7661 77.3109 73.2359 63.0664
2003 0.631575 0.624171 0.666957 77.0551 76.8263 69.0841 51.9909 0.588954 0.577553 0.602036 89.3351 89.3962 81.5245 67.0444
2003 0.539623 0.528767 0.589559 86.062 85.907 75.4577 56.5744 0.488779 0.475821 0.5147 99.6557 99.7364 88.3011 70.6546
2003 0.45052 0.444376 0.518032 93.7898 93.2458 80.4909 60.5742 0.402729 0.393444 0.438217 107.987 107.723 93.5987 73.8575
2003 0.372166 0.365214 0.45223 100.275 99.6752 84.3796 63.9892 0.324061 0.317155 0.368521 115.162 114.625 97.9269 76.7757
2003 0.306839 0.294686 0.387927 105.382 105.046 87.7194 66.8678 0.248856 0.249026 0.306203 121.865 120.676 101.422 79.4786
2003 0.251793 0.236287 0.333446 109.576 109.461 90.3797 69.3289 0.187367 0.190054 0.250003 127.157 125.952 104.156 81.9216
2003 0.206181 0.184725 0.285922 112.713 113.266 92.3526 71.3003 0.146114 0.143284 0.205766 130.484 130.163 106.114 84.166
2003 0.172915 0.150972 0.2456 114.878 115.934 93.9001 72.9276 0.118714 0.110783 0.170747 132.733 133.494 107.639 86.359
2003 0.146162 0.123729 0.215879 116.623 117.857 94.9162 74.3439 0.0985169 0.0925343 0.145641 134.745 135.743 108.773 88.2103
