/scratch/staging/fab/huiling/NNreanalysis/A23439-0901.pgb.f00
2009010100
2009010106
2009010112
2009010118
2009010200
2009010206
2009010212
2009010218
2009010300
2009010306
2009010312
2009010318
2009010400
2009010406
2009010412
2009010418
2009010500
2009010506
2009010512
2009010518
2009010600
2009010606
2009010612
2009010618
2009010700
2009010706
2009010712
2009010718
2009010800
2009010806
2009010812
2009010818
2009010900
2009010906
2009010912
2009010918
2009011000
2009011006
2009011012
2009011018
2009011100
2009011106
2009011112
2009011118
2009011200
2009011206
2009011212
2009011218
2009011300
2009011306
2009011312
2009011318
2009011400
2009011406
2009011412
2009011418
2009011500
2009011506
2009011512
2009011518
2009011600
2009011606
2009011612
2009011618
2009011700
2009011706
2009011712
2009011718
2009011800
2009011806
2009011812
2009011818
2009011900
2009011906
2009011912
2009011918
2009012000
2009012006
2009012012
2009012018
2009012100
2009012106
2009012112
2009012118
2009012200
2009012206
2009012212
2009012218
2009012300
2009012306
2009012312
2009012318
2009012400
2009012406
2009012412
2009012418
2009012500
2009012506
2009012512
2009012518
2009012600
2009012606
2009012612
2009012618
2009012700
2009012706
2009012712
2009012718
2009012800
2009012806
2009012812
2009012818
2009012900
2009012906
2009012912
2009012918
2009013000
2009013006
2009013012
2009013018
2009013100
2009013106
2009013112
2009013118
