 HIT RATES AND FALSE ALARMS OF ENSEMBLE FORECASTS
 0.971 0.919 0.840 0.744 0.643 0.545 0.455 0.375 0.312 0.259 0.175
 0.138 0.103 0.000 0.000
 0.274 0.187 0.129 0.086 0.055 0.034 0.020 0.011 0.007 0.004 0.001
 0.001 0.000 0.000 0.000
 HIT RATES AND FALSE ALARMS FOR MRF 
 0.903 0.712 0.635 0.586 0.556 0.541 0.557 0.593 0.658 0.834 0.660
 0.011 0.024 0.034 0.043 0.048 0.052 0.055 0.053 0.046 0.015 0.038
 HIT RATES AND FALSE ALARMS FOR LOW RESOLUTION MODEL
 0.902 0.693 0.613 0.561 0.532 0.519 0.534 0.568 0.635 0.806 0.637
 0.013 0.028 0.038 0.047 0.052 0.055 0.057 0.054 0.047 0.012 0.040
 HIT RATES AND FALSE ALARMS OF ENSEMBLE FORECASTS
 0.953 0.886 0.794 0.688 0.581 0.480 0.394 0.320 0.263 0.218 0.149
 0.119 0.090 0.000 0.000
 0.292 0.201 0.139 0.093 0.060 0.037 0.022 0.013 0.008 0.005 0.002
 0.001 0.000 0.000 0.000
 HIT RATES AND FALSE ALARMS FOR MRF 
 0.858 0.634 0.553 0.500 0.477 0.471 0.502 0.535 0.627 0.837 0.604
 0.015 0.032 0.045 0.054 0.057 0.059 0.059 0.057 0.048 0.016 0.044
 HIT RATES AND FALSE ALARMS FOR LOW RESOLUTION MODEL
 0.857 0.594 0.516 0.458 0.438 0.432 0.457 0.491 0.578 0.790 0.564
 0.021 0.040 0.054 0.060 0.062 0.064 0.063 0.058 0.049 0.013 0.048
 HIT RATES AND FALSE ALARMS OF ENSEMBLE FORECASTS
 0.899 0.805 0.699 0.589 0.486 0.396 0.323 0.263 0.218 0.182 0.127
 0.103 0.078 0.000 0.000
 0.313 0.218 0.152 0.103 0.067 0.043 0.027 0.016 0.010 0.006 0.002
 0.001 0.000 0.000 0.000
 HIT RATES AND FALSE ALARMS FOR MRF 
 0.816 0.531 0.438 0.386 0.358 0.354 0.370 0.409 0.498 0.738 0.497
 0.023 0.042 0.055 0.063 0.069 0.073 0.074 0.072 0.066 0.023 0.056
 HIT RATES AND FALSE ALARMS FOR LOW RESOLUTION MODEL
 0.798 0.496 0.401 0.349 0.326 0.322 0.334 0.366 0.448 0.683 0.457
 0.030 0.052 0.062 0.070 0.073 0.078 0.077 0.075 0.067 0.019 0.060
 HIT RATES AND FALSE ALARMS OF ENSEMBLE FORECASTS
 0.887 0.786 0.672 0.555 0.450 0.359 0.287 0.231 0.191 0.160 0.112
 0.092 0.069 0.000 0.000
 0.333 0.230 0.158 0.105 0.068 0.042 0.026 0.016 0.010 0.006 0.002
 0.001 0.000 0.000 0.000
 HIT RATES AND FALSE ALARMS FOR MRF 
 0.748 0.463 0.388 0.355 0.329 0.329 0.349 0.378 0.467 0.740 0.463
 0.026 0.048 0.061 0.068 0.073 0.077 0.076 0.074 0.067 0.027 0.060
 HIT RATES AND FALSE ALARMS FOR LOW RESOLUTION MODEL
 0.736 0.435 0.351 0.318 0.297 0.298 0.307 0.338 0.423 0.696 0.428
 0.035 0.058 0.068 0.074 0.076 0.079 0.079 0.075 0.066 0.025 0.064
 HIT RATES AND FALSE ALARMS OF ENSEMBLE FORECASTS
 0.845 0.722 0.598 0.482 0.382 0.302 0.240 0.194 0.160 0.134 0.096
 0.078 0.058 0.000 0.000
 0.361 0.248 0.168 0.110 0.070 0.043 0.026 0.016 0.010 0.006 0.002
 0.001 0.001 0.000 0.000
 HIT RATES AND FALSE ALARMS FOR MRF 
 0.729 0.421 0.324 0.290 0.269 0.262 0.274 0.308 0.365 0.650 0.397
 0.031 0.055 0.066 0.074 0.081 0.083 0.085 0.086 0.078 0.031 0.067
 HIT RATES AND FALSE ALARMS FOR LOW RESOLUTION MODEL
 0.702 0.383 0.294 0.249 0.239 0.233 0.244 0.270 0.324 0.610 0.362
 0.042 0.063 0.074 0.079 0.084 0.087 0.087 0.085 0.076 0.031 0.071
 HIT RATES AND FALSE ALARMS OF ENSEMBLE FORECASTS
 0.831 0.701 0.570 0.451 0.351 0.273 0.215 0.174 0.145 0.122 0.088
 0.072 0.052 0.000 0.000
 0.379 0.257 0.172 0.111 0.069 0.042 0.025 0.015 0.010 0.006 0.003
 0.002 0.001 0.000 0.000
 HIT RATES AND FALSE ALARMS FOR MRF 
 0.652 0.361 0.296 0.262 0.243 0.243 0.246 0.274 0.353 0.663 0.369
 0.037 0.061 0.072 0.080 0.084 0.087 0.085 0.084 0.076 0.036 0.070
 HIT RATES AND FALSE ALARMS FOR LOW RESOLUTION MODEL
 0.643 0.323 0.263 0.231 0.221 0.217 0.228 0.251 0.318 0.645 0.344
 0.049 0.070 0.078 0.083 0.085 0.085 0.085 0.083 0.075 0.037 0.073
 HIT RATES AND FALSE ALARMS OF ENSEMBLE FORECASTS
 0.798 0.654 0.518 0.399 0.304 0.234 0.184 0.149 0.123 0.104 0.074
 0.059 0.042 0.000 0.000
 0.404 0.272 0.180 0.113 0.069 0.041 0.024 0.014 0.009 0.006 0.002
 0.001 0.001 0.000 0.000
 HIT RATES AND FALSE ALARMS FOR MRF 
 0.610 0.328 0.256 0.223 0.208 0.204 0.213 0.233 0.289 0.586 0.324
 0.040 0.063 0.073 0.083 0.088 0.092 0.093 0.091 0.086 0.043 0.075
 HIT RATES AND FALSE ALARMS FOR LOW RESOLUTION MODEL
 0.588 0.301 0.238 0.194 0.190 0.181 0.188 0.210 0.257 0.567 0.301
 0.051 0.072 0.078 0.086 0.090 0.090 0.091 0.090 0.082 0.045 0.078
 HIT RATES AND FALSE ALARMS OF ENSEMBLE FORECASTS
 0.785 0.631 0.489 0.367 0.275 0.209 0.163 0.131 0.109 0.092 0.065
 0.051 0.034 0.000 0.000
 0.425 0.281 0.182 0.112 0.067 0.039 0.023 0.014 0.009 0.006 0.003
 0.002 0.001 0.000 0.000
 HIT RATES AND FALSE ALARMS FOR MRF 
 0.551 0.279 0.227 0.202 0.182 0.190 0.191 0.218 0.278 0.587 0.301
 0.051 0.070 0.079 0.085 0.089 0.092 0.091 0.092 0.083 0.045 0.078
 HIT RATES AND FALSE ALARMS FOR LOW RESOLUTION MODEL
 0.533 0.252 0.202 0.182 0.167 0.173 0.176 0.190 0.247 0.579 0.281
 0.063 0.077 0.082 0.086 0.089 0.091 0.090 0.088 0.082 0.049 0.080
 HIT RATES AND FALSE ALARMS OF ENSEMBLE FORECASTS
 0.757 0.589 0.443 0.326 0.240 0.181 0.140 0.112 0.093 0.079 0.054
 0.042 0.027 0.000 0.000
 0.453 0.295 0.186 0.112 0.065 0.037 0.022 0.013 0.008 0.006 0.003
 0.002 0.001 0.000 0.000
 HIT RATES AND FALSE ALARMS FOR MRF 
 0.496 0.248 0.204 0.172 0.166 0.162 0.173 0.190 0.241 0.517 0.269
 0.051 0.071 0.079 0.087 0.092 0.095 0.096 0.098 0.092 0.052 0.081
 HIT RATES AND FALSE ALARMS FOR LOW RESOLUTION MODEL
 0.469 0.230 0.185 0.163 0.152 0.151 0.156 0.172 0.213 0.508 0.252
 0.061 0.075 0.082 0.088 0.091 0.093 0.095 0.096 0.089 0.061 0.083
 HIT RATES AND FALSE ALARMS OF ENSEMBLE FORECASTS
 0.752 0.575 0.421 0.302 0.218 0.161 0.125 0.101 0.083 0.070 0.047
 0.036 0.022 0.000 0.000
 0.472 0.302 0.186 0.109 0.062 0.035 0.021 0.013 0.009 0.006 0.003
 0.002 0.001 0.000 0.000
 HIT RATES AND FALSE ALARMS FOR MRF 
 0.448 0.232 0.177 0.157 0.148 0.145 0.156 0.174 0.219 0.524 0.249
 0.062 0.076 0.080 0.089 0.090 0.093 0.097 0.096 0.092 0.060 0.083
 HIT RATES AND FALSE ALARMS FOR LOW RESOLUTION MODEL
 0.431 0.203 0.160 0.147 0.145 0.137 0.147 0.160 0.206 0.513 0.236
 0.074 0.079 0.081 0.088 0.091 0.093 0.092 0.093 0.091 0.068 0.085
 HIT RATES AND FALSE ALARMS OF ENSEMBLE FORECASTS
 0.731 0.542 0.386 0.268 0.190 0.138 0.106 0.085 0.070 0.058 0.037
 0.028 0.017 0.000 0.000
 0.498 0.314 0.189 0.107 0.059 0.033 0.019 0.012 0.008 0.006 0.003
 0.002 0.001 0.000 0.000
 HIT RATES AND FALSE ALARMS FOR MRF 
 0.405 0.221 0.168 0.144 0.138 0.134 0.140 0.151 0.193 0.456 0.226
 0.063 0.078 0.084 0.089 0.092 0.095 0.098 0.099 0.095 0.069 0.086
 HIT RATES AND FALSE ALARMS FOR LOW RESOLUTION MODEL
 0.375 0.192 0.153 0.132 0.123 0.127 0.128 0.143 0.179 0.445 0.212
 0.071 0.080 0.084 0.088 0.093 0.094 0.096 0.096 0.097 0.080 0.087
 HIT RATES AND FALSE ALARMS OF ENSEMBLE FORECASTS
 0.733 0.534 0.371 0.252 0.174 0.127 0.097 0.077 0.062 0.051 0.031
 0.022 0.014 0.000 0.000
 0.514 0.318 0.187 0.104 0.057 0.032 0.019 0.012 0.009 0.006 0.003
 0.002 0.001 0.000 0.000
 HIT RATES AND FALSE ALARMS FOR MRF 
 0.359 0.206 0.150 0.137 0.132 0.139 0.135 0.152 0.182 0.456 0.214
 0.073 0.081 0.083 0.089 0.092 0.092 0.096 0.097 0.096 0.077 0.087
 HIT RATES AND FALSE ALARMS FOR LOW RESOLUTION MODEL
 0.329 0.174 0.145 0.125 0.121 0.125 0.127 0.139 0.170 0.456 0.202
 0.080 0.079 0.085 0.086 0.092 0.094 0.094 0.094 0.097 0.088 0.089
 HIT RATES AND FALSE ALARMS OF ENSEMBLE FORECASTS
 0.721 0.511 0.343 0.227 0.153 0.109 0.082 0.065 0.053 0.042 0.025
 0.017 0.010 0.000 0.000
 0.538 0.329 0.189 0.102 0.054 0.029 0.017 0.011 0.008 0.005 0.003
 0.002 0.001 0.000 0.000
 HIT RATES AND FALSE ALARMS FOR MRF 
 0.306 0.182 0.149 0.129 0.125 0.124 0.126 0.141 0.177 0.400 0.199
 0.073 0.084 0.085 0.089 0.090 0.094 0.097 0.098 0.098 0.084 0.089
 HIT RATES AND FALSE ALARMS FOR LOW RESOLUTION MODEL
 0.283 0.174 0.149 0.127 0.118 0.117 0.118 0.124 0.160 0.389 0.188
 0.075 0.081 0.085 0.089 0.090 0.094 0.095 0.097 0.100 0.097 0.090
 HIT RATES AND FALSE ALARMS OF ENSEMBLE FORECASTS
 0.728 0.509 0.333 0.213 0.140 0.097 0.072 0.056 0.044 0.035 0.020
 0.013 0.007 0.000 0.000
 0.555 0.334 0.186 0.098 0.051 0.027 0.016 0.011 0.008 0.006 0.003
 0.002 0.001 0.000 0.000
 HIT RATES AND FALSE ALARMS FOR MRF 
 0.271 0.171 0.142 0.123 0.117 0.121 0.120 0.130 0.163 0.382 0.183
 0.081 0.086 0.088 0.090 0.091 0.095 0.097 0.098 0.097 0.085 0.091
 HIT RATES AND FALSE ALARMS FOR LOW RESOLUTION MODEL
 0.249 0.149 0.132 0.117 0.105 0.111 0.114 0.126 0.163 0.376 0.176
 0.082 0.081 0.086 0.091 0.091 0.094 0.093 0.099 0.103 0.097 0.092
 HIT RATES AND FALSE ALARMS OF ENSEMBLE FORECASTS
 0.720 0.491 0.314 0.195 0.126 0.087 0.064 0.050 0.039 0.031 0.017
 0.011 0.005 0.000 0.000
 0.574 0.341 0.186 0.095 0.048 0.026 0.015 0.010 0.007 0.005 0.002
 0.001 0.001 0.000 0.000
 HIT RATES AND FALSE ALARMS FOR MRF 
 0.249 0.169 0.139 0.122 0.110 0.111 0.112 0.120 0.150 0.328 0.171
 0.087 0.090 0.090 0.090 0.093 0.096 0.097 0.099 0.096 0.081 0.092
 HIT RATES AND FALSE ALARMS FOR LOW RESOLUTION MODEL
 0.228 0.139 0.126 0.113 0.110 0.112 0.114 0.124 0.153 0.332 0.168
 0.081 0.078 0.084 0.090 0.093 0.094 0.098 0.103 0.106 0.102 0.092
 HIT RATES AND FALSE ALARMS OF ENSEMBLE FORECASTS
 0.722 0.483 0.300 0.182 0.115 0.077 0.056 0.041 0.031 0.023 0.012
 0.007 0.004 0.000 0.000
 0.587 0.345 0.185 0.093 0.046 0.025 0.015 0.010 0.007 0.005 0.002
 0.002 0.001 0.000 0.000
 HIT RATES AND FALSE ALARMS FOR MRF 
 0.256 0.149 0.124 0.117 0.114 0.113 0.112 0.118 0.141 0.300 0.161
 0.101 0.094 0.092 0.094 0.094 0.095 0.096 0.094 0.094 0.076 0.093
 HIT RATES AND FALSE ALARMS FOR LOW RESOLUTION MODEL
 0.211 0.137 0.118 0.109 0.109 0.110 0.114 0.125 0.147 0.302 0.158
 0.089 0.082 0.085 0.089 0.091 0.094 0.098 0.102 0.105 0.101 0.094
 HIT RATES AND FALSE ALARMS OF ENSEMBLE FORECASTS
 0.716 0.472 0.287 0.171 0.105 0.069 0.050 0.037 0.028 0.021 0.010
 0.005 0.002 0.000 0.000
 0.603 0.350 0.184 0.090 0.044 0.023 0.013 0.009 0.006 0.004 0.002
 0.001 0.000 0.000 0.000
 HIT RATES AND FALSE ALARMS FOR MRF 
 0.218 0.141 0.127 0.115 0.105 0.103 0.107 0.120 0.133 0.266 0.152
 0.100 0.093 0.093 0.095 0.095 0.095 0.097 0.096 0.095 0.082 0.094
 HIT RATES AND FALSE ALARMS FOR LOW RESOLUTION MODEL
 0.188 0.126 0.106 0.107 0.107 0.102 0.110 0.116 0.138 0.275 0.148
 0.082 0.082 0.084 0.090 0.092 0.095 0.100 0.105 0.108 0.111 0.095
 HIT RATES AND FALSE ALARMS OF ENSEMBLE FORECASTS
 0.717 0.467 0.277 0.160 0.095 0.062 0.043 0.031 0.022 0.016 0.007
 0.004 0.002 0.000 0.000
 0.610 0.353 0.183 0.089 0.043 0.023 0.014 0.009 0.006 0.005 0.002
 0.001 0.001 0.000 0.000
 HIT RATES AND FALSE ALARMS FOR MRF 
 0.239 0.135 0.117 0.110 0.100 0.103 0.109 0.112 0.129 0.238 0.145
 0.111 0.092 0.092 0.095 0.092 0.094 0.096 0.097 0.097 0.082 0.095
 HIT RATES AND FALSE ALARMS FOR LOW RESOLUTION MODEL
 0.195 0.131 0.112 0.104 0.099 0.105 0.110 0.120 0.131 0.255 0.143
 0.092 0.084 0.087 0.089 0.092 0.094 0.098 0.102 0.103 0.111 0.095
 HIT RATES AND FALSE ALARMS OF ENSEMBLE FORECASTS
 0.713 0.459 0.267 0.151 0.089 0.056 0.038 0.027 0.019 0.014 0.005
 0.003 0.001 0.000 0.000
 0.623 0.357 0.183 0.087 0.042 0.022 0.013 0.008 0.006 0.004 0.002
 0.001 0.000 0.000 0.000
 HIT RATES AND FALSE ALARMS FOR MRF 
 0.212 0.135 0.117 0.111 0.101 0.103 0.108 0.112 0.125 0.216 0.139
 0.107 0.092 0.094 0.093 0.092 0.096 0.097 0.098 0.098 0.089 0.096
 HIT RATES AND FALSE ALARMS FOR LOW RESOLUTION MODEL
 0.168 0.126 0.113 0.104 0.099 0.097 0.101 0.113 0.123 0.230 0.136
 0.085 0.086 0.089 0.091 0.091 0.094 0.098 0.102 0.107 0.120 0.096
 HIT RATES AND FALSE ALARMS OF ENSEMBLE FORECASTS
 0.715 0.455 0.261 0.145 0.083 0.052 0.034 0.024 0.016 0.011 0.005
 0.003 0.002 0.000 0.000
 0.627 0.358 0.181 0.086 0.041 0.022 0.013 0.008 0.006 0.004 0.002
 0.001 0.001 0.000 0.000
 HIT RATES AND FALSE ALARMS FOR MRF 
 0.225 0.128 0.113 0.100 0.099 0.100 0.103 0.109 0.123 0.203 0.134
 0.113 0.092 0.093 0.092 0.093 0.096 0.097 0.097 0.098 0.091 0.096
 HIT RATES AND FALSE ALARMS FOR LOW RESOLUTION MODEL
 0.178 0.120 0.112 0.097 0.100 0.097 0.102 0.113 0.124 0.220 0.133
 0.095 0.086 0.087 0.089 0.091 0.095 0.097 0.102 0.107 0.115 0.096
 HIT RATES AND FALSE ALARMS OF ENSEMBLE FORECASTS
 0.706 0.443 0.249 0.135 0.075 0.046 0.030 0.020 0.014 0.009 0.004
 0.002 0.001 0.000 0.000
 0.637 0.362 0.182 0.085 0.040 0.021 0.012 0.008 0.005 0.004 0.002
 0.001 0.000 0.000 0.000
 HIT RATES AND FALSE ALARMS FOR MRF 
 0.194 0.122 0.110 0.102 0.102 0.099 0.104 0.106 0.110 0.185 0.127
 0.110 0.097 0.095 0.093 0.094 0.094 0.095 0.097 0.096 0.097 0.097
 HIT RATES AND FALSE ALARMS FOR LOW RESOLUTION MODEL
 0.159 0.116 0.111 0.098 0.096 0.091 0.100 0.106 0.118 0.193 0.126
 0.092 0.087 0.090 0.093 0.093 0.094 0.099 0.101 0.105 0.122 0.097
 HIT RATES AND FALSE ALARMS OF ENSEMBLE FORECASTS
 0.711 0.445 0.249 0.132 0.073 0.043 0.028 0.019 0.013 0.009 0.004
 0.003 0.002 0.000 0.000
 0.642 0.363 0.180 0.083 0.039 0.020 0.012 0.008 0.006 0.004 0.002
 0.001 0.001 0.000 0.000
 HIT RATES AND FALSE ALARMS FOR MRF 
 0.210 0.120 0.106 0.100 0.102 0.099 0.102 0.109 0.105 0.177 0.126
 0.123 0.092 0.094 0.094 0.094 0.094 0.096 0.096 0.093 0.094 0.097
 HIT RATES AND FALSE ALARMS FOR LOW RESOLUTION MODEL
 0.166 0.111 0.097 0.091 0.100 0.096 0.100 0.106 0.120 0.188 0.123
 0.102 0.088 0.088 0.092 0.093 0.093 0.098 0.100 0.102 0.120 0.097
 HIT RATES AND FALSE ALARMS OF ENSEMBLE FORECASTS
 0.707 0.436 0.238 0.126 0.069 0.042 0.027 0.018 0.012 0.008 0.003
 0.001 0.001 0.000 0.000
 0.647 0.365 0.180 0.083 0.039 0.020 0.012 0.008 0.005 0.004 0.002
 0.001 0.000 0.000 0.000
 HIT RATES AND FALSE ALARMS FOR MRF 
 0.184 0.123 0.114 0.103 0.098 0.097 0.099 0.099 0.111 0.165 0.123
 0.119 0.094 0.094 0.094 0.093 0.093 0.094 0.095 0.094 0.104 0.097
 HIT RATES AND FALSE ALARMS FOR LOW RESOLUTION MODEL
 0.147 0.109 0.105 0.096 0.097 0.098 0.102 0.107 0.116 0.176 0.121
 0.098 0.089 0.090 0.091 0.092 0.092 0.094 0.099 0.103 0.132 0.098
 HIT RATES AND FALSE ALARMS OF ENSEMBLE FORECASTS
 0.709 0.435 0.237 0.122 0.066 0.038 0.024 0.016 0.011 0.008 0.004
 0.002 0.001 0.000 0.000
 0.650 0.366 0.178 0.081 0.038 0.020 0.012 0.008 0.005 0.004 0.002
 0.001 0.001 0.000 0.000
 HIT RATES AND FALSE ALARMS FOR MRF 
 0.196 0.121 0.106 0.100 0.090 0.094 0.099 0.099 0.108 0.168 0.122
 0.126 0.097 0.094 0.093 0.091 0.094 0.094 0.095 0.093 0.098 0.098
 HIT RATES AND FALSE ALARMS FOR LOW RESOLUTION MODEL
 0.170 0.108 0.104 0.098 0.093 0.097 0.101 0.106 0.118 0.175 0.120
 0.110 0.090 0.090 0.091 0.091 0.089 0.093 0.096 0.101 0.128 0.098
 HIT RATES AND FALSE ALARMS OF ENSEMBLE FORECASTS
 0.703 0.427 0.229 0.118 0.063 0.037 0.024 0.016 0.011 0.007 0.002
 0.001 0.000 0.000 0.000
 0.654 0.367 0.179 0.081 0.038 0.020 0.012 0.008 0.005 0.004 0.002
 0.001 0.000 0.000 0.000
 HIT RATES AND FALSE ALARMS FOR MRF 
 0.173 0.118 0.103 0.098 0.096 0.095 0.100 0.096 0.105 0.169 0.118
 0.124 0.097 0.093 0.092 0.091 0.092 0.093 0.094 0.093 0.109 0.098
 HIT RATES AND FALSE ALARMS FOR LOW RESOLUTION MODEL
 0.144 0.111 0.101 0.099 0.095 0.094 0.098 0.103 0.114 0.161 0.116
 0.107 0.090 0.090 0.092 0.090 0.089 0.093 0.097 0.102 0.135 0.098
 HIT RATES AND FALSE ALARMS OF ENSEMBLE FORECASTS
 0.707 0.429 0.228 0.116 0.062 0.035 0.022 0.015 0.010 0.007 0.003
 0.002 0.001 0.000 0.000
 0.655 0.367 0.178 0.080 0.037 0.019 0.012 0.008 0.006 0.004 0.002
 0.001 0.001 0.000 0.000
 HIT RATES AND FALSE ALARMS FOR MRF 
 0.181 0.110 0.100 0.090 0.095 0.098 0.099 0.100 0.109 0.176 0.118
 0.130 0.097 0.091 0.091 0.092 0.091 0.092 0.094 0.093 0.106 0.098
 HIT RATES AND FALSE ALARMS FOR LOW RESOLUTION MODEL
 0.168 0.103 0.096 0.095 0.088 0.091 0.101 0.099 0.110 0.169 0.115
 0.115 0.090 0.090 0.090 0.088 0.089 0.094 0.098 0.099 0.129 0.098
 HIT RATES AND FALSE ALARMS OF ENSEMBLE FORECASTS
 0.697 0.417 0.219 0.111 0.058 0.034 0.021 0.014 0.009 0.006 0.002
 0.001 0.000 0.000 0.000
 0.659 0.370 0.179 0.081 0.037 0.019 0.012 0.008 0.005 0.004 0.002
 0.001 0.000 0.000 0.000
 HIT RATES AND FALSE ALARMS FOR MRF 
 0.158 0.110 0.105 0.089 0.098 0.095 0.099 0.098 0.097 0.172 0.116
 0.129 0.098 0.094 0.090 0.091 0.088 0.091 0.092 0.095 0.114 0.098
 HIT RATES AND FALSE ALARMS FOR LOW RESOLUTION MODEL
 0.138 0.103 0.103 0.098 0.091 0.093 0.090 0.096 0.104 0.155 0.111
 0.110 0.093 0.090 0.090 0.089 0.090 0.091 0.099 0.103 0.133 0.099
 HIT RATES AND FALSE ALARMS OF ENSEMBLE FORECASTS
 0.701 0.419 0.220 0.111 0.057 0.033 0.020 0.014 0.009 0.007 0.003
 0.002 0.001 0.000 0.000
 0.659 0.368 0.177 0.079 0.037 0.019 0.012 0.008 0.006 0.004 0.002
 0.002 0.001 0.000 0.000
 HIT RATES AND FALSE ALARMS FOR MRF 
 0.171 0.108 0.100 0.093 0.089 0.088 0.092 0.103 0.107 0.165 0.116
 0.131 0.096 0.091 0.091 0.089 0.088 0.091 0.095 0.098 0.110 0.098
 HIT RATES AND FALSE ALARMS FOR LOW RESOLUTION MODEL
 0.154 0.096 0.097 0.090 0.088 0.094 0.094 0.101 0.108 0.162 0.113
 0.121 0.091 0.087 0.086 0.087 0.089 0.095 0.099 0.104 0.126 0.099
 HIT RATES AND FALSE ALARMS OF ENSEMBLE FORECASTS
 0.694 0.411 0.214 0.106 0.054 0.031 0.019 0.012 0.008 0.005 0.002
 0.001 0.000 0.000 0.000
 0.661 0.369 0.179 0.081 0.038 0.020 0.012 0.008 0.005 0.004 0.002
 0.001 0.000 0.000 0.000
 HIT RATES AND FALSE ALARMS FOR MRF 
 0.162 0.112 0.102 0.096 0.094 0.088 0.092 0.103 0.103 0.169 0.114
 0.128 0.098 0.093 0.090 0.086 0.087 0.089 0.094 0.099 0.119 0.098
 HIT RATES AND FALSE ALARMS FOR LOW RESOLUTION MODEL
 0.124 0.103 0.093 0.094 0.088 0.090 0.100 0.101 0.109 0.160 0.111
 0.117 0.092 0.089 0.089 0.087 0.089 0.093 0.096 0.104 0.134 0.099
 HIT RATES AND FALSE ALARMS OF ENSEMBLE FORECASTS
 0.701 0.416 0.216 0.107 0.055 0.031 0.019 0.013 0.009 0.006 0.003
 0.002 0.001 0.000 0.000
 0.660 0.368 0.176 0.079 0.037 0.020 0.012 0.008 0.006 0.004 0.002
 0.002 0.001 0.000 0.000
 HIT RATES AND FALSE ALARMS FOR MRF 
 0.192 0.113 0.103 0.089 0.089 0.090 0.090 0.097 0.106 0.169 0.116
 0.132 0.098 0.092 0.089 0.086 0.088 0.090 0.094 0.098 0.113 0.098
 HIT RATES AND FALSE ALARMS FOR LOW RESOLUTION MODEL
 0.152 0.094 0.092 0.085 0.086 0.091 0.094 0.098 0.113 0.158 0.111
 0.129 0.091 0.086 0.086 0.086 0.089 0.093 0.096 0.104 0.128 0.099
