 1    .08023  -.00140
 2    .04374  -.00498
 3    .02309  -.00594
 4   -.00407  -.00879
 5   -.00865  -.01064
 6   -.01441  -.01295
 7   -.01430  -.01215
 8   -.01844  -.01585
 9   -.01508  -.01548
10   -.02166  -.02132
11   -.02578  -.02237
12   -.02575  -.02306
13   -.02472  -.02601
14   -.02739  -.02540
15   -.02470  -.02971
16   -.02558  -.02835
17   -.02392  -.02739
18   -.02649  -.02991
19   -.02362  -.02685
20   -.02379  -.02902
21   -.02650  -.03019
22   -.02990  -.02915
23   -.02857  -.03077
24   -.02875  -.03217
25   -.02326  -.03151
26   -.02973  -.02973
27   -.02984  -.02945
28   -.03129  -.03037
29   -.02832  -.02908
30   -.03289  -.02839
