  1   1.05 0  -8.08    .09  13.00   8.17
  1   1.10 0  -3.76    .09  13.00   3.85
  1   1.25 0  -1.16    .09  13.00   1.25
  1   1.50 0   -.30    .13  10.00    .43
  1   2.00 0    .13    .20   8.00    .07
  1   3.00 0    .35    .31   6.00   -.03
  1   5.00 0    .46    .48   3.00    .03
  1   8.00 0    .50    .63   2.00    .13
  1  12.00 1    .42    .66   2.00    .24
  1  18.00 1    .13    .62   1.00    .49
  1  27.00 1   -.31    .57   1.00    .88
  1  40.00 1   -.94    .50   1.00   1.44
  1  60.00 1  -1.91    .40   1.00   2.31
  1  90.00 1  -3.36    .24   1.00   3.60
  1 140.00 1  -5.78   -.02   1.00   5.76
  1 210.00 1  -9.17   -.38   1.00   8.79
  1 350.00 1 -15.96  -1.11   1.00  14.84
  1 500.00 1 -23.22  -1.90   1.00  21.32

  2   1.05 0 -12.80    .00  14.00  12.80
  2   1.10 0  -6.23    .00  14.00   6.23
  2   1.25 0  -2.28    .02  13.00   2.30
  2   1.50 0   -.97    .04  12.00   1.01
  2   2.00 0   -.31    .07  10.00    .38
  2   3.00 0    .02    .11   8.00    .09
  2   5.00 0    .18    .20   4.00    .02
  2   8.00 0    .25    .37   2.00    .12
  2  12.00 1    .13    .41   1.00    .29
  2  18.00 1   -.31    .30   1.00    .61
  2  27.00 1   -.97    .13   1.00   1.10
  2  40.00 1  -1.92   -.11   1.00   1.80
  2  60.00 1  -3.37   -.49   1.00   2.89
  2  90.00 1  -5.56  -1.05   1.00   4.51
  2 140.00 1  -9.20  -1.99   1.00   7.22
  2 210.00 1 -14.31  -3.30   1.00  11.00
  2 350.00 1 -24.51  -5.93   1.00  18.58
  2 500.00 1 -35.44  -8.75   1.00  26.70

  3   1.05 0 -15.06    .00  14.00  15.06
  3   1.10 0  -7.41    .00  14.00   7.41
  3   1.25 0  -2.82    .00  14.00   2.82
  3   1.50 0  -1.29    .00  13.00   1.30
  3   2.00 0   -.53    .02  11.00    .55
  3   3.00 0   -.15    .04  10.00    .19
  3   5.00 0    .04    .08   6.00    .04
  3   8.00 0    .13    .19   2.00    .06
  3  12.00 1   -.02    .22   1.00    .24
  3  18.00 1   -.53    .06   1.00    .59
  3  27.00 1  -1.29   -.19   1.00   1.10
  3  40.00 1  -2.40   -.55   1.00   1.85
  3  60.00 1  -4.09  -1.10   1.00   3.00
  3  90.00 1  -6.64  -1.92   1.00   4.72
  3 140.00 1 -10.88  -3.30   1.00   7.58
  3 210.00 1 -16.83  -5.23   1.00  11.60
  3 350.00 1 -28.71  -9.09   1.00  19.62
  3 500.00 1 -41.44 -13.22   1.00  28.22

  4   1.05 0 -16.38    .00  14.00  16.38
  4   1.10 0  -8.10    .00  14.00   8.10
  4   1.25 0  -3.14    .00  14.00   3.14
  4   1.50 0  -1.48    .00  14.00   1.48
  4   2.00 0   -.65    .00  14.00    .65
  4   3.00 0   -.24    .01  10.00    .25
  4   5.00 0   -.03    .04   6.00    .07
  4   8.00 0    .06    .09   3.00    .04
  4  12.00 1   -.10    .11   1.00    .21
  4  18.00 1   -.65   -.07   1.00    .58
  4  27.00 1  -1.47   -.34   1.00   1.13
  4  40.00 1  -2.66   -.73   1.00   1.93
  4  60.00 1  -4.49  -1.34   1.00   3.16
  4  90.00 1  -7.24  -2.24   1.00   5.00
  4 140.00 1 -11.82  -3.76   1.00   8.06
  4 210.00 1 -18.23  -5.87   1.00  12.36
  4 350.00 1 -31.04 -10.10   1.00  20.94
  4 500.00 1 -44.78 -14.64   1.00  30.14

  5   1.05 0 -11.09    .07  13.00  11.16
  5   1.10 0  -5.33    .07  13.00   5.40
  5   1.25 0  -1.88    .07  13.00   1.95
  5   1.50 0   -.72    .08  11.00    .80
  5   2.00 0   -.15    .11  10.00    .25
  5   3.00 0    .14    .17   7.00    .03
  5   5.00 0    .28    .32   4.00    .03
  5   8.00 0    .35    .49   2.00    .14
  5  12.00 1    .24    .53   1.00    .29
  5  18.00 1   -.14    .45   1.00    .60
  5  27.00 1   -.72    .34   1.00   1.06
  5  40.00 1  -1.54    .18   1.00   1.72
  5  60.00 1  -2.81   -.07   1.00   2.74
  5  90.00 1  -4.72   -.45   1.00   4.27
  5 140.00 1  -7.90  -1.08   1.00   6.82
  5 210.00 1 -12.35  -1.96   1.00  10.39
  5 350.00 1 -21.24  -3.71   1.00  17.53
  5 500.00 1 -30.78  -5.60   1.00  25.18

