 1.000000000 -51.60704803
 2.000000000 -35.29403305
 3.000000000 -24.22602272
 4.000000000 -16.05201530
 5.000000000 -10.21901035
 6.000000000 -6.180007458
 7.000000000 -3.566003323
 8.000000000 -2.020001888
 9.000000000 -1.177002072
 10.00000000 -0.6820014715
 11.00000000 -0.2110006511
 12.00000000 -0.6099945307E-01
 15.00000000 0.0000000000E+00
 14.00000000 0.0000000000E+00
 13.00000000 0.9000012279E-01
  1   1.05 0  -8.08    .09  13.00   8.17
 1.000000000 -25.32698441
 2.000000000 -17.20399094
 3.000000000 -11.71599197
 4.000000000 -7.681995392
 5.000000000 -4.818996429
 6.000000000 -2.849998236
 7.000000000 -1.585999012
 8.000000000 -0.8499990106
 9.000000000 -0.4569997489
 10.00000000 -0.2319997847
 11.00000000 -0.3099961393E-01
 14.00000000 0.0000000000E+00
 15.00000000 0.0000000000E+00
 12.00000000 0.2900062501E-01
 13.00000000 0.8999998868E-01
  1   1.10 0  -3.76    .09  13.00   3.85
 1.000000000 -9.559000015
 2.000000000 -6.350000381
 3.000000000 -4.210000515
 4.000000000 -2.660000563
 5.000000000 -1.578999877
 6.000000000 -0.8520001769
 7.000000000 -0.3979999125
 8.000000000 -0.1480001360
 9.000000000 -0.2499997802E-01
 14.00000000 0.0000000000E+00
 15.00000000 0.0000000000E+00
 10.00000000 0.3800005093E-01
 11.00000000 0.7699996978E-01
 12.00000000 0.8300007135E-01
 13.00000000 0.9000004083E-01
  1   1.25 0  -1.16    .09  13.00   1.25
 1.000000000 -4.302999496
 2.000000000 -2.731999397
 3.000000000 -1.707999587
 4.000000000 -0.9859999418
 5.000000000 -0.4989999235
 6.000000000 -0.1859998554
 7.000000000 -0.2000033623E-02
 14.00000000 0.0000000000E+00
 15.00000000 0.0000000000E+00
 8.000000000 0.8599995822E-01
 13.00000000 0.9000002593E-01
 12.00000000 0.1010000631
 11.00000000 0.1129999682
 9.000000000 0.1190000698
 10.00000000 0.1280000657
  1   1.50 0   -.30    .13  10.00    .43
 1.000000000 -1.674999714
 2.000000000 -0.9230000973
 3.000000000 -0.4569998384
 4.000000000 -0.1489999890
 14.00000000 0.0000000000E+00
 15.00000000 0.0000000000E+00
 5.000000000 0.4099994898E-01
 13.00000000 0.9000003338E-01
 12.00000000 0.1100000739
 11.00000000 0.1309999824
 6.000000000 0.1469999552
 10.00000000 0.1729999483
 9.000000000 0.1909999549
 7.000000000 0.1960000396
 8.000000000 0.2030000091
  1   2.00 0    .13    .20   8.00    .07
 1.000000000 -0.3609998226
 2.000000000 -0.1849993877E-01
 14.00000000 0.0000000000E+00
 15.00000000 0.0000000000E+00
 13.00000000 0.9000002593E-01
 12.00000000 0.1145000681
 11.00000000 0.1399999857
 3.000000000 0.1685000807
 10.00000000 0.1955000907
 9.000000000 0.2270001024
 8.000000000 0.2615000308
 4.000000000 0.2695000768
 7.000000000 0.2950000465
 5.000000000 0.3110000193
 6.000000000 0.3134999871
  1   3.00 0    .35    .31   6.00   -.03
 14.00000000 0.0000000000E+00
 15.00000000 0.0000000000E+00
 13.00000000 0.8999995887E-01
 12.00000000 0.1167500019
 11.00000000 0.1444999874
 10.00000000 0.2067499608
 9.000000000 0.2449999750
 8.000000000 0.2907499671
 1.000000000 0.2960000336
 7.000000000 0.3444999456
 6.000000000 0.3967499733
 2.000000000 0.4337500036
 5.000000000 0.4459999502
 4.000000000 0.4787500203
 3.000000000 0.4812500775
  1   5.00 0    .46    .48   3.00    .03
 14.00000000 0.0000000000E+00
 15.00000000 0.0000000000E+00
 13.00000000 0.9000003338E-01
 12.00000000 0.1177143157
 11.00000000 0.1464286000
 10.00000000 0.2115714550
 9.000000000 0.2527143359
 8.000000000 0.3032857180
 7.000000000 0.3657142520
 6.000000000 0.4324285388
 5.000000000 0.5038571358
 4.000000000 0.5684285760
 1.000000000 0.5775714517
 3.000000000 0.6152857542
 2.000000000 0.6275714040
  1   8.00 0    .50    .63   2.00    .13
 14.00000000 -0.2222222686
 15.00000000 -0.2222222686
 13.00000000 -0.1122222990
 12.00000000 -0.7777783275E-01
 11.00000000 -0.4211108014E-01
 10.00000000 0.3922217339E-01
 9.000000000 0.9122219682E-01
 8.000000000 0.1558888555
 7.000000000 0.2373333126
 6.000000000 0.3274444044
 5.000000000 0.4278888404
 4.000000000 0.5256666541
 3.000000000 0.6092222333
 1.000000000 0.6505556107
 2.000000000 0.6596665978
  1  12.00 1    .42    .66   2.00    .24
 14.00000000 -0.8888889551
 15.00000000 -0.8888889551
 13.00000000 -0.7188889980
 12.00000000 -0.6651111245
 11.00000000 -0.6094444990
 10.00000000 -0.4821110964
 9.000000000 -0.4001111388
 8.000000000 -0.2974445224
 7.000000000 -0.1666666418
 6.000000000 -0.1922223344E-01
 5.000000000 0.1485555023
 4.000000000 0.3176667392
 3.000000000 0.4718888998
 2.000000000 0.5836666226
 1.000000000 0.6192222834
  1  18.00 1    .13    .62   1.00    .49
 14.00000000 -1.888888955
 15.00000000 -1.888888955
 13.00000000 -1.628888965
 12.00000000 -1.546111107
 11.00000000 -1.460444450
 10.00000000 -1.264111161
 9.000000000 -1.137111187
 8.000000000 -0.9774445295
 7.000000000 -0.7726666927
 6.000000000 -0.5392223001
 5.000000000 -0.2704445422
 4.000000000 0.5666745827E-02
 3.000000000 0.2658889592
 2.000000000 0.4696666002
 1.000000000 0.5722222924
  1  27.00 1   -.31    .57   1.00    .88
 14.00000000 -3.333333254
 15.00000000 -3.333333254
 13.00000000 -2.943333149
 12.00000000 -2.818666935
 11.00000000 -2.689666748
 10.00000000 -2.393666744
 9.000000000 -2.201666594
 8.000000000 -1.959666729
 7.000000000 -1.648000121
 6.000000000 -1.290333509
 5.000000000 -0.8756667972
 4.000000000 -0.4449999332
 3.000000000 -0.3166649118E-01
 2.000000000 0.3049998879
 1.000000000 0.5043333769
  1  40.00 1   -.94    .50   1.00   1.44
 14.00000000 -5.555555344
 15.00000000 -5.555555344
 13.00000000 -4.965555191
 12.00000000 -4.776444435
 11.00000000 -4.580778122
 10.00000000 -4.131444454
 9.000000000 -3.839444637
 8.000000000 -3.470777988
 7.000000000 -2.994666815
 6.000000000 -2.445888996
 5.000000000 -1.806778073
 4.000000000 -1.138333201
 3.000000000 -0.4894441962
 2.000000000 0.5166649818E-01
 1.000000000 0.3998889625
  1  60.00 1  -1.91    .40   1.00   2.31
 14.00000000 -8.888889313
 15.00000000 -8.888889313
 13.00000000 -7.998889446
 12.00000000 -7.713111401
 11.00000000 -7.417444706
 10.00000000 -6.738111019
 9.000000000 -6.296111107
 8.000000000 -5.737444401
 7.000000000 -5.014667034
 6.000000000 -4.179222107
 5.000000000 -3.203444719
 4.000000000 -2.178333044
 3.000000000 -1.176110864
 2.000000000 -0.3283334970
 1.000000000 0.2432223111
  1  90.00 1  -3.36    .24   1.00   3.60
 14.00000000 -14.44444466
 15.00000000 -14.44444466
 13.00000000 -13.05444527
 12.00000000 -12.60755539
 11.00000000 -12.14522266
 10.00000000 -11.08255577
 9.000000000 -10.39055538
 8.000000000 -9.515222549
 7.000000000 -8.381334305
 6.000000000 -7.068111420
 5.000000000 -5.531222343
 4.000000000 -3.911666393
 3.000000000 -2.320554972
 2.000000000 -0.9616670609
 1.000000000 -0.1788881049E-01
  1 140.00 1  -5.78   -.02   1.00   5.76
 14.00000000 -22.22222137
 15.00000000 -22.22222137
 13.00000000 -20.13222122
 12.00000000 -19.45977783
 11.00000000 -18.76411247
 10.00000000 -17.16477776
 9.000000000 -16.12277794
 8.000000000 -14.80411148
 7.000000000 -13.09466648
 6.000000000 -11.11255646
 5.000000000 -8.790111542
 4.000000000 -6.338333130
 3.000000000 -3.922777176
 2.000000000 -1.848333955
 1.000000000 -0.3834442198
  1 210.00 1  -9.17   -.38   1.00   8.79
 14.00000000 -37.77777863
 15.00000000 -37.77777863
 13.00000000 -34.28778076
 12.00000000 -33.16422272
 11.00000000 -32.00188828
 10.00000000 -29.32922363
 9.000000000 -27.58722305
 8.000000000 -25.38188934
 7.000000000 -22.52133560
 6.000000000 -19.20144653
 5.000000000 -15.30789089
 4.000000000 -11.19166565
 3.000000000 -7.127221584
 2.000000000 -3.621667862
 1.000000000 -1.114555240
  1 350.00 1 -15.96  -1.11   1.00  14.84
 14.00000000 -54.44444275
 15.00000000 -54.44444275
 13.00000000 -49.45444489
 12.00000000 -47.84755707
 11.00000000 -46.18522263
 10.00000000 -42.36255646
 9.000000000 -39.87055588
 8.000000000 -36.71522522
 7.000000000 -32.62133408
 6.000000000 -27.86811256
 5.000000000 -22.29122353
 4.000000000 -16.39166451
 3.000000000 -10.56055355
 2.000000000 -5.521667957
 1.000000000 -1.897888422
  1 500.00 1 -23.22  -1.90   1.00  21.32

 1.000000000 -67.38906097
 2.000000000 -45.55904388
 3.000000000 -30.39002800
 4.000000000 -19.52902031
 5.000000000 -12.06901169
 6.000000000 -7.287006855
 7.000000000 -4.285004139
 8.000000000 -2.526002645
 9.000000000 -1.655001998
 10.00000000 -0.9580010176
 11.00000000 -0.4520003200
 12.00000000 -0.2880009711
 13.00000000 -0.1279996037
 15.00000000 0.0000000000E+00
 14.00000000 0.0000000000E+00
  2   1.05 0 -12.80    .00  14.00  12.80
 1.000000000 -33.27898026
 2.000000000 -22.42898750
 3.000000000 -14.90999031
 4.000000000 -9.538994789
 5.000000000 -5.858995438
 6.000000000 -3.506997585
 7.000000000 -2.034999132
 8.000000000 -1.175999045
 9.000000000 -0.7549989820
 10.00000000 -0.4179996848
 11.00000000 -0.1819996983
 12.00000000 -0.1079998314
 13.00000000 -0.3799943253E-01
 15.00000000 0.0000000000E+00
 14.00000000 0.0000000000E+00
  2   1.10 0  -6.23    .00  14.00   6.23
 1.000000000 -12.81300068
 2.000000000 -8.551000595
 3.000000000 -5.622001171
 4.000000000 -3.545000076
 5.000000000 -2.133000135
 6.000000000 -1.239000082
 7.000000000 -0.6849998832
 8.000000000 -0.3659999669
 9.000000000 -0.2149999291
 10.00000000 -0.9400010854E-01
 11.00000000 -0.2000034042E-01
 14.00000000 0.0000000000E+00
 15.00000000 0.0000000000E+00
 12.00000000 0.0000000000E+00
 13.00000000 0.1599997468E-01
  2   1.25 0  -2.28    .02  13.00   2.30
 1.000000000 -5.990999222
 2.000000000 -3.924999475
 3.000000000 -2.526000023
 4.000000000 -1.546999693
 5.000000000 -0.8909996748
 6.000000000 -0.4829999506
 7.000000000 -0.2349999398
 8.000000000 -0.9599982947E-01
 9.000000000 -0.3499984369E-01
 14.00000000 0.0000000000E+00
 15.00000000 0.0000000000E+00
 10.00000000 0.1399993803E-01
 13.00000000 0.3399997577E-01
 11.00000000 0.3399997577E-01
 12.00000000 0.3600000963E-01
  2   1.50 0   -.97    .04  12.00   1.01
 1.000000000 -2.579999924
 2.000000000 -1.611999989
 3.000000000 -0.9779999852
 4.000000000 -0.5479998589
 5.000000000 -0.2699999511
 6.000000000 -0.1049999893
 7.000000000 -0.1000002027E-01
 14.00000000 0.0000000000E+00
 15.00000000 0.0000000000E+00
 8.000000000 0.3900006413E-01
 13.00000000 0.4299998283E-01
 12.00000000 0.5400002003E-01
 9.000000000 0.5500003695E-01
 11.00000000 0.6099998951E-01
 10.00000000 0.6799995899E-01
  2   2.00 0   -.31    .07  10.00    .38
 1.000000000 -0.8744999170
 2.000000000 -0.4554998577
 3.000000000 -0.2040000111
 4.000000000 -0.4849999771E-01
 14.00000000 0.0000000000E+00
 15.00000000 0.0000000000E+00
 5.000000000 0.4050001130E-01
 13.00000000 0.4749998078E-01
 12.00000000 0.6300002337E-01
 11.00000000 0.7449998707E-01
 6.000000000 0.8400007337E-01
 10.00000000 0.9499996156E-01
 9.000000000 0.1000000462
 7.000000000 0.1025000140
 8.000000000 0.1065000817
  2   3.00 0    .02    .11   8.00    .09
 1.000000000 -0.2175003290E-01
 15.00000000 0.0000000000E+00
 14.00000000 0.0000000000E+00
 13.00000000 0.4974998534E-01
 12.00000000 0.6749995053E-01
 11.00000000 0.8124999702E-01
 10.00000000 0.1084999740
 9.000000000 0.1224999875
 2.000000000 0.1227499545
 8.000000000 0.1402499527
 7.000000000 0.1587499678
 6.000000000 0.1784999669
 3.000000000 0.1829999685
 5.000000000 0.1957499981
 4.000000000 0.2012500167
  2   5.00 0    .18    .20   4.00    .02
 14.00000000 0.0000000000E+00
 15.00000000 0.0000000000E+00
 13.00000000 0.5071426928E-01
 12.00000000 0.6942859292E-01
 11.00000000 0.8414285630E-01
 10.00000000 0.1142856851
 9.000000000 0.1321428120
 8.000000000 0.1547142416
 7.000000000 0.1828571707
 6.000000000 0.2189999819
 5.000000000 0.2622857094
 4.000000000 0.3082856834
 1.000000000 0.3437142670
 3.000000000 0.3488571346
 2.000000000 0.3705714345
  2   8.00 0    .25    .37   2.00    .12
 14.00000000 -0.2222222686
 15.00000000 -0.2222222686
 13.00000000 -0.1596666723
 12.00000000 -0.1362223029
 11.00000000 -0.1176667213
 10.00000000 -0.7911112905E-01
 9.000000000 -0.5499998853E-01
 8.000000000 -0.2455552481E-01
 7.000000000 0.1555555407E-01
 6.000000000 0.6944444776E-01
 5.000000000 0.1377777904
 4.000000000 0.2180000097
 3.000000000 0.3024444282
 2.000000000 0.3775555491
 1.000000000 0.4144444168
  2  12.00 1    .13    .41   1.00    .29
 14.00000000 -0.8888889551
 15.00000000 -0.8888889551
 13.00000000 -0.7916666269
 12.00000000 -0.7548890114
 11.00000000 -0.7256667018
 10.00000000 -0.6644445062
 9.000000000 -0.6250000000
 8.000000000 -0.5752223134
 7.000000000 -0.5077778101
 6.000000000 -0.4152222574
 5.000000000 -0.2948889434
 4.000000000 -0.1480000615
 3.000000000 0.1577774622E-01
 2.000000000 0.1782221943
 1.000000000 0.3017777205
  2  18.00 1   -.31    .30   1.00    .61
 14.00000000 -1.888888955
 15.00000000 -1.888888955
 13.00000000 -1.739666700
 12.00000000 -1.682888985
 11.00000000 -1.637666702
 10.00000000 -1.542444468
 9.000000000 -1.480000019
 8.000000000 -1.401222229
 7.000000000 -1.292777896
 6.000000000 -1.142222404
 5.000000000 -0.9438888431
 4.000000000 -0.6970000267
 3.000000000 -0.4142222106
 2.000000000 -0.1207778156
 1.000000000 0.1327776909
  2  27.00 1   -.97    .13   1.00   1.10
 14.00000000 -3.333333254
 15.00000000 -3.333333254
 13.00000000 -3.108999968
 12.00000000 -3.023333311
 11.00000000 -2.955000162
 10.00000000 -2.810666800
 9.000000000 -2.715000153
 8.000000000 -2.594333410
 7.000000000 -2.426666737
 6.000000000 -2.192333221
 5.000000000 -1.881333470
 4.000000000 -1.490000129
 3.000000000 -1.035333395
 2.000000000 -0.5526668429
 1.000000000 -0.1113335267
  2  40.00 1  -1.92   -.11   1.00   1.80
 14.00000000 -5.555555344
 15.00000000 -5.555555344
 13.00000000 -5.215666771
 12.00000000 -5.085555553
 11.00000000 -4.981666565
 10.00000000 -4.761777878
 9.000000000 -4.615000248
 8.000000000 -4.429889202
 7.000000000 -4.171111107
 6.000000000 -3.807888985
 5.000000000 -3.323555470
 4.000000000 -2.710000038
 3.000000000 -1.990888953
 2.000000000 -1.217111230
 1.000000000 -0.4868891537
  2  60.00 1  -3.37   -.49   1.00   2.89
 14.00000000 -8.888889313
 15.00000000 -8.888889313
 13.00000000 -8.375666618
 12.00000000 -8.178889275
 11.00000000 -8.021667480
 10.00000000 -7.688444614
 9.000000000 -7.465000153
 8.000000000 -7.183222294
 7.000000000 -6.787777901
 6.000000000 -6.231222153
 5.000000000 -5.486888885
 4.000000000 -4.539999962
 3.000000000 -3.424222231
 2.000000000 -2.213778019
 1.000000000 -1.050222635
  2  90.00 1  -5.56  -1.05   1.00   4.51
 14.00000000 -14.44444466
 15.00000000 -14.44444466
 13.00000000 -13.64233303
 12.00000000 -13.33444500
 11.00000000 -13.08833313
 10.00000000 -12.56622219
 9.000000000 -12.21500111
 8.000000000 -11.77211094
 7.000000000 -11.14888954
 6.000000000 -10.27011108
 5.000000000 -9.092444420
 4.000000000 -7.589999676
 3.000000000 -5.813111305
 2.000000000 -3.874889374
 1.000000000 -1.989111662
  2 140.00 1  -9.20  -1.99   1.00   7.22
 14.00000000 -22.22222137
 15.00000000 -22.22222137
 13.00000000 -21.01566696
 12.00000000 -20.55222130
 11.00000000 -20.18166733
 10.00000000 -19.39511108
 9.000000000 -18.86499977
 8.000000000 -18.19655609
 7.000000000 -17.25444412
 6.000000000 -15.92455578
 5.000000000 -14.14022255
 4.000000000 -11.85999966
 3.000000000 -9.157555580
 2.000000000 -6.200445175
 1.000000000 -3.303556204
  2 210.00 1 -14.31  -3.30   1.00  11.00
 14.00000000 -37.77777863
 15.00000000 -37.77777863
 13.00000000 -35.76233292
 12.00000000 -34.98778152
 11.00000000 -34.36833572
 10.00000000 -33.05289078
 9.000000000 -32.16500092
 8.000000000 -31.04544449
 7.000000000 -29.46555710
 6.000000000 -27.23344421
 5.000000000 -24.23577881
 4.000000000 -20.40000153
 3.000000000 -15.84644508
 2.000000000 -10.85155678
 1.000000000 -5.932445526
  2 350.00 1 -24.51  -5.93   1.00  18.58
 14.00000000 -54.44444275
 15.00000000 -54.44444275
 13.00000000 -51.56233597
 12.00000000 -50.45444489
 11.00000000 -49.56833267
 10.00000000 -47.68622208
 9.000000000 -46.41500092
 8.000000000 -44.81211472
 7.000000000 -42.54888916
 6.000000000 -39.35011292
 5.000000000 -35.05244446
 4.000000000 -29.54999924
 3.000000000 -23.01311302
 2.000000000 -15.83489132
 1.000000000 -8.749113083
  2 500.00 1 -35.44  -8.75   1.00  26.70

 1.000000000 -84.20808411
 2.000000000 -53.78504562
 3.000000000 -33.05903244
 4.000000000 -19.31801605
 5.000000000 -10.94200897
 6.000000000 -6.139005661
 7.000000000 -3.655003548
 8.000000000 -2.239002943
 9.000000000 -1.537001133
 10.00000000 -1.010001659
 11.00000000 -0.4930009246
 12.00000000 -0.3240007162
 13.00000000 -0.1580001414
 15.00000000 0.0000000000E+00
 14.00000000 0.0000000000E+00
  3   1.05 0 -15.06    .00  14.00  15.06
 1.000000000 -41.72797394
 2.000000000 -26.60498428
 3.000000000 -16.31898880
 4.000000000 -9.507994652
 5.000000000 -5.361996174
 6.000000000 -2.988997698
 7.000000000 -1.764999151
 8.000000000 -1.068999052
 9.000000000 -0.7269989252
 10.00000000 -0.4699995220
 11.00000000 -0.2229994833
 12.00000000 -0.1439995319
 13.00000000 -0.6799992174E-01
 15.00000000 0.0000000000E+00
 14.00000000 0.0000000000E+00
  3   1.10 0  -7.41    .00  14.00   7.41
 1.000000000 -16.24000168
 2.000000000 -10.29699993
 3.000000000 -6.275001049
 4.000000000 -3.621999741
 5.000000000 -2.013999939
 6.000000000 -1.099000096
 7.000000000 -0.6309998631
 8.000000000 -0.3670001328
 9.000000000 -0.2410000712
 10.00000000 -0.1459998041
 11.00000000 -0.6099999323E-01
 12.00000000 -0.3600001708E-01
 13.00000000 -0.1399993990E-01
 15.00000000 0.0000000000E+00
 14.00000000 0.0000000000E+00
  3   1.25 0  -2.82    .00  14.00   2.82
 1.000000000 -7.743998528
 2.000000000 -4.860999107
 3.000000000 -2.926999569
 4.000000000 -1.659999609
 5.000000000 -0.8979999423
 6.000000000 -0.4690000117
 7.000000000 -0.2529999316
 8.000000000 -0.1330000013
 9.000000000 -0.7899998873E-01
 10.00000000 -0.3800004348E-01
 11.00000000 -0.6999969017E-02
 14.00000000 0.0000000000E+00
 15.00000000 0.0000000000E+00
 12.00000000 0.0000000000E+00
 13.00000000 0.4000067245E-02
  3   1.50 0  -1.29    .00  13.00   1.30
 1.000000000 -3.496000051
 2.000000000 -2.142999887
 3.000000000 -1.253000021
 4.000000000 -0.6789998412
 5.000000000 -0.3399999440
 6.000000000 -0.1539999247
 7.000000000 -0.6400004029E-01
 8.000000000 -0.1599997282E-01
 15.00000000 0.0000000000E+00
 14.00000000 0.0000000000E+00
 9.000000000 0.2000033855E-02
 13.00000000 0.1300007105E-01
 10.00000000 0.1599997282E-01
 12.00000000 0.1800000668E-01
 11.00000000 0.2000004053E-01
  3   2.00 0   -.53    .02  11.00    .55
 1.000000000 -1.371999860
 2.000000000 -0.7839998007
 3.000000000 -0.4159998596
 4.000000000 -0.1884999722
 5.000000000 -0.6099998578E-01
 15.00000000 0.0000000000E+00
 14.00000000 0.0000000000E+00
 6.000000000 0.3499984508E-02
 13.00000000 0.1750007272E-01
 12.00000000 0.2700000815E-01
 7.000000000 0.3049999289E-01
 11.00000000 0.3350004554E-01
 8.000000000 0.4250004515E-01
 9.000000000 0.4250004515E-01
 10.00000000 0.4299997911E-01
  3   3.00 0   -.15    .04  10.00    .19
 1.000000000 -0.3100000322
 2.000000000 -0.1044999063
 15.00000000 0.0000000000E+00
 14.00000000 0.0000000000E+00
 3.000000000 0.2499967813E-02
 13.00000000 0.1974999905E-01
 12.00000000 0.3150001168E-01
 11.00000000 0.4024997354E-01
 10.00000000 0.5649998784E-01
 4.000000000 0.5674995482E-01
 9.000000000 0.6274998188E-01
 8.000000000 0.7174998522E-01
 7.000000000 0.7775001228E-01
 5.000000000 0.7849998772E-01
 6.000000000 0.8225001395E-01
  3   5.00 0    .04    .08   6.00    .04
 14.00000000 0.0000000000E+00
 15.00000000 0.0000000000E+00
 13.00000000 0.2071431652E-01
 12.00000000 0.3342858329E-01
 11.00000000 0.4314286262E-01
 10.00000000 0.6228574738E-01
 9.000000000 0.7142858952E-01
 8.000000000 0.8428573608E-01
 7.000000000 0.9799999744E-01
 6.000000000 0.1160000041
 5.000000000 0.1382857561
 1.000000000 0.1451428384
 4.000000000 0.1618571728
 3.000000000 0.1818571687
 2.000000000 0.1867142767
  3   8.00 0    .13    .19   2.00    .06
 14.00000000 -0.2222222686
 15.00000000 -0.2222222686
 13.00000000 -0.1963333338
 12.00000000 -0.1802221984
 11.00000000 -0.1677778065
 10.00000000 -0.1426666379
 9.000000000 -0.1297778487
 8.000000000 -0.1117777824
 7.000000000 -0.9044448286E-01
 6.000000000 -0.6044440717E-01
 5.000000000 -0.1777781360E-01
 4.000000000 0.3788888454E-01
 3.000000000 0.1063332930
 2.000000000 0.1785555780
 1.000000000 0.2248888612
  3  12.00 1   -.02    .22   1.00    .24
 14.00000000 -0.8888889551
 15.00000000 -0.8888889551
 13.00000000 -0.8483332992
 12.00000000 -0.8228888512
 11.00000000 -0.8031111360
 10.00000000 -0.7626667023
 9.000000000 -0.7411111593
 8.000000000 -0.7111110687
 7.000000000 -0.6737778187
 6.000000000 -0.6197778583
 5.000000000 -0.5391111374
 4.000000000 -0.4274445176
 3.000000000 -0.2796667218
 2.000000000 -0.1047778130
 1.000000000 0.5955550447E-01
  3  18.00 1   -.53    .06   1.00    .59
 14.00000000 -1.888888955
 15.00000000 -1.888888955
 13.00000000 -1.826333523
 12.00000000 -1.786888957
 11.00000000 -1.756111264
 10.00000000 -1.692666769
 9.000000000 -1.658111095
 8.000000000 -1.610111117
 7.000000000 -1.548777699
 6.000000000 -1.458777905
 5.000000000 -1.321111202
 4.000000000 -1.125444531
 3.000000000 -0.8586666584
 2.000000000 -0.5297778845
 1.000000000 -0.1884444505
  3  27.00 1  -1.29   -.19   1.00   1.10
 14.00000000 -3.333333254
 15.00000000 -3.333333254
 13.00000000 -3.239000082
 12.00000000 -3.179333448
 11.00000000 -3.132666826
 10.00000000 -3.036000013
 9.000000000 -2.982666731
 8.000000000 -2.908666611
 7.000000000 -2.812666655
 6.000000000 -2.670666695
 5.000000000 -2.450666666
 4.000000000 -2.133666754
 3.000000000 -1.695000052
 2.000000000 -1.143666625
 1.000000000 -0.5466668010
  3  40.00 1  -2.40   -.55   1.00   1.85
 14.00000000 -5.555555344
 15.00000000 -5.555555344
 13.00000000 -5.412333488
 12.00000000 -5.321555614
 11.00000000 -5.250444412
 10.00000000 -5.102666855
 9.000000000 -5.020444870
 8.000000000 -4.906444550
 7.000000000 -4.757111549
 6.000000000 -4.535111427
 5.000000000 -4.188444138
 4.000000000 -3.684777737
 3.000000000 -2.981666803
 2.000000000 -2.088111162
 1.000000000 -1.097777963
  3  60.00 1  -4.09  -1.10   1.00   3.00
 14.00000000 -8.888889313
 15.00000000 -8.888889313
 13.00000000 -8.672333717
 12.00000000 -8.534889221
 11.00000000 -8.427111626
 10.00000000 -8.202667236
 9.000000000 -8.077112198
 8.000000000 -7.903110504
 7.000000000 -7.673778057
 6.000000000 -7.331777573
 5.000000000 -6.795111179
 4.000000000 -6.011444569
 3.000000000 -4.911666870
 2.000000000 -3.504777908
 1.000000000 -1.924444795
  3  90.00 1  -6.64  -1.92   1.00   4.72
 14.00000000 -14.44444466
 15.00000000 -14.44444466
 13.00000000 -14.10566616
 12.00000000 -13.89044476
 11.00000000 -13.72155571
 10.00000000 -13.36933327
 9.000000000 -13.17155647
 8.000000000 -12.89755630
 7.000000000 -12.53488827
 6.000000000 -11.99288940
 5.000000000 -11.13955593
 4.000000000 -9.889222145
 3.000000000 -8.128334045
 2.000000000 -5.865889072
 1.000000000 -3.302222729
  3 140.00 1 -10.88  -3.30   1.00   7.58
 14.00000000 -22.22222137
 15.00000000 -22.22222137
 13.00000000 -21.71233368
 12.00000000 -21.38822365
 11.00000000 -21.13377953
 10.00000000 -20.60266685
 9.000000000 -20.30377960
 8.000000000 -19.88977814
 7.000000000 -19.34044456
 6.000000000 -18.51844597
 5.000000000 -17.22177696
 4.000000000 -15.31811142
 3.000000000 -12.63166618
 2.000000000 -9.171444893
 1.000000000 -5.231112003
  3 210.00 1 -16.83  -5.23   1.00  11.60
 14.00000000 -37.77777863
 15.00000000 -37.77777863
 13.00000000 -36.92566681
 12.00000000 -36.38377762
 11.00000000 -35.95822144
 10.00000000 -35.06933594
 9.000000000 -34.56822205
 8.000000000 -33.87422180
 7.000000000 -32.95155716
 6.000000000 -31.56955528
 5.000000000 -29.38622284
 4.000000000 -26.17588806
 3.000000000 -21.63833427
 2.000000000 -15.78255653
 1.000000000 -9.088890076
  3 350.00 1 -28.71  -9.09   1.00  19.62
 14.00000000 -54.44444275
 15.00000000 -54.44444275
 13.00000000 -53.22566605
 12.00000000 -52.45044708
 11.00000000 -51.84155655
 10.00000000 -50.56933594
 9.000000000 -49.85155869
 8.000000000 -48.85755920
 7.000000000 -47.53488922
 6.000000000 -45.55289078
 5.000000000 -42.41955566
 4.000000000 -37.80922318
 3.000000000 -31.28833389
 2.000000000 -22.86589050
 1.000000000 -13.22222424
  3 500.00 1 -41.44 -13.22   1.00  28.22

 1.000000000 -99.17209625
 2.000000000 -59.61105347
 3.000000000 -33.14702988
 4.000000000 -17.42701530
 5.000000000 -9.040008545
 6.000000000 -4.763004303
 7.000000000 -2.808002710
 8.000000000 -1.924002528
 9.000000000 -1.396001697
 10.00000000 -1.045001507
 11.00000000 -0.5200003386
 12.00000000 -0.3470006883
 13.00000000 -0.1729996651
 15.00000000 0.0000000000E+00
 14.00000000 0.0000000000E+00
  4   1.05 0 -16.38    .00  14.00  16.38
 1.000000000 -49.22197342
 2.000000000 -29.55098152
 3.000000000 -16.40699005
 4.000000000 -8.606994629
 5.000000000 -4.449997902
 6.000000000 -2.332998276
 7.000000000 -1.367998838
 8.000000000 -0.9339990616
 9.000000000 -0.6759989858
 10.00000000 -0.5049993396
 11.00000000 -0.2499996275
 12.00000000 -0.1669994593
 13.00000000 -0.8299942315E-01
 15.00000000 0.0000000000E+00
 14.00000000 0.0000000000E+00
  4   1.10 0  -8.10    .00  14.00   8.10
 1.000000000 -19.25200081
 2.000000000 -11.51500034
 3.000000000 -6.362999916
 4.000000000 -3.315000057
 5.000000000 -1.696000218
 6.000000000 -0.8750004172
 7.000000000 -0.5040002465
 8.000000000 -0.3399998248
 9.000000000 -0.2439999729
 10.00000000 -0.1810002476
 11.00000000 -0.8800030500E-01
 12.00000000 -0.5900025740E-01
 13.00000000 -0.2900004573E-01
 15.00000000 0.0000000000E+00
 14.00000000 0.0000000000E+00
  4   1.25 0  -3.14    .00  14.00   3.14
 1.000000000 -9.261999130
 2.000000000 -5.502998829
 3.000000000 -3.014999390
 4.000000000 -1.550999761
 5.000000000 -0.7779996991
 6.000000000 -0.3889998496
 7.000000000 -0.2160000652
 8.000000000 -0.1420000046
 9.000000000 -0.9999989718E-01
 10.00000000 -0.7299988717E-01
 11.00000000 -0.3399997577E-01
 12.00000000 -0.2299994044E-01
 13.00000000 -0.1100003626E-01
 15.00000000 0.0000000000E+00
 14.00000000 0.0000000000E+00
  4   1.50 0  -1.48    .00  14.00   1.48
 1.000000000 -4.266999722
 2.000000000 -2.496999979
 3.000000000 -1.341000080
 4.000000000 -0.6689999700
 5.000000000 -0.3190000355
 6.000000000 -0.1459999382
 7.000000000 -0.7200002670E-01
 8.000000000 -0.4299998283E-01
 9.000000000 -0.2800002694E-01
 10.00000000 -0.1900002360E-01
 11.00000000 -0.6999969482E-02
 12.00000000 -0.4999935627E-02
 13.00000000 -0.2000033855E-02
 15.00000000 0.0000000000E+00
 14.00000000 0.0000000000E+00
  4   2.00 0   -.65    .00  14.00    .65
 1.000000000 -1.769500017
 2.000000000 -0.9939997792
 3.000000000 -0.5039998889
 4.000000000 -0.2279999703
 5.000000000 -0.8949994296E-01
 6.000000000 -0.2449989133E-01
 14.00000000 0.0000000000E+00
 15.00000000 0.0000000000E+00
 7.000000000 0.0000000000E+00
 13.00000000 0.2499967581E-02
 12.00000000 0.4000067711E-02
 8.000000000 0.6500035059E-02
 11.00000000 0.6500035059E-02
 9.000000000 0.7999986410E-02
 10.00000000 0.7999986410E-02
  4   3.00 0   -.24    .01  10.00    .25
 1.000000000 -0.5207499862
 2.000000000 -0.2425000072
 3.000000000 -0.8550003171E-01
 4.000000000 -0.7500052452E-02
 14.00000000 0.0000000000E+00
 15.00000000 0.0000000000E+00
 13.00000000 0.4749968648E-02
 12.00000000 0.8499994874E-02
 11.00000000 0.1324996352E-01
 10.00000000 0.2149999142E-01
 5.000000000 0.2525001764E-01
 9.000000000 0.2599999309E-01
 8.000000000 0.3124997020E-01
 7.000000000 0.3600001335E-01
 6.000000000 0.3624998033E-01
  4   5.00 0   -.03    .04   6.00    .07
 14.00000000 0.0000000000E+00
 15.00000000 0.0000000000E+00
 13.00000000 0.5714297295E-02
 12.00000000 0.1042859908E-01
 1.000000000 0.1442858111E-01
 11.00000000 0.1614289545E-01
 10.00000000 0.2728572860E-01
 9.000000000 0.3371426091E-01
 8.000000000 0.4185710475E-01
 7.000000000 0.5142858997E-01
 6.000000000 0.6228574738E-01
 5.000000000 0.7442857325E-01
 2.000000000 0.7957143337E-01
 4.000000000 0.8700004220E-01
 3.000000000 0.9385713190E-01
  4   8.00 0    .06    .09   3.00    .04
 14.00000000 -0.2222222686
 15.00000000 -0.2222222686
 13.00000000 -0.2146666646
 12.00000000 -0.2083333284
 11.00000000 -0.2007778436
 10.00000000 -0.1854444891
 9.000000000 -0.1764444560
 8.000000000 -0.1647778302
 7.000000000 -0.1502222419
 6.000000000 -0.1306666285
 5.000000000 -0.1021111012
 4.000000000 -0.5988889188E-01
 3.000000000 -0.1222292543E-02
 2.000000000 0.6588889658E-01
 1.000000000 0.1125555560
  4  12.00 1   -.10    .11   1.00    .21
 14.00000000 -0.8888889551
 15.00000000 -0.8888889551
 13.00000000 -0.8766667247
 12.00000000 -0.8663333654
 11.00000000 -0.8541111350
 10.00000000 -0.8287777901
 9.000000000 -0.8137778640
 8.000000000 -0.7941110730
 7.000000000 -0.7688889503
 6.000000000 -0.7326666713
 5.000000000 -0.6754444838
 4.000000000 -0.5845556259
 3.000000000 -0.4458888471
 2.000000000 -0.2614443898
 1.000000000 -0.6877779961E-01
  4  18.00 1   -.65   -.07   1.00    .58
 14.00000000 -1.888888955
 15.00000000 -1.888888955
 13.00000000 -1.869666815
 12.00000000 -1.853333354
 11.00000000 -1.834111214
 10.00000000 -1.793777943
 9.000000000 -1.769777894
 8.000000000 -1.738111138
 7.000000000 -1.696888924
 6.000000000 -1.635666728
 5.000000000 -1.535444498
 4.000000000 -1.371555567
 3.000000000 -1.112888932
 2.000000000 -0.7524443865
 1.000000000 -0.3407777548
  4  27.00 1  -1.47   -.34   1.00   1.13
 14.00000000 -3.333333254
 15.00000000 -3.333333254
 13.00000000 -3.304000139
 12.00000000 -3.279000044
 11.00000000 -3.249666691
 10.00000000 -3.187666655
 9.000000000 -3.150666714
 8.000000000 -3.101666689
 7.000000000 -3.037333488
 6.000000000 -2.940000057
 5.000000000 -2.777666807
 4.000000000 -2.508333206
 3.000000000 -2.076333284
 2.000000000 -1.461666703
 1.000000000 -0.7336666584
  4  40.00 1  -2.66   -.73   1.00   1.93
 14.00000000 -5.555555344
 15.00000000 -5.555555344
 13.00000000 -5.510666847
 12.00000000 -5.472332954
 11.00000000 -5.427444935
 10.00000000 -5.332111359
 9.000000000 -5.275111198
 8.000000000 -5.199444771
 7.000000000 -5.099555492
 6.000000000 -4.946666718
 5.000000000 -4.688777924
 4.000000000 -4.257222176
 3.000000000 -3.558555603
 2.000000000 -2.552777767
 1.000000000 -1.338111281
  4  60.00 1  -4.49  -1.34   1.00   3.16
 14.00000000 -8.888889313
 15.00000000 -8.888889313
 13.00000000 -8.820667267
 12.00000000 -8.762332916
 11.00000000 -8.694111824
 10.00000000 -8.548777580
 9.000000000 -8.461778641
 8.000000000 -8.346111298
 7.000000000 -8.192889214
 6.000000000 -7.956666946
 5.000000000 -7.555444717
 4.000000000 -6.880555630
 3.000000000 -5.781888962
 2.000000000 -4.189444542
 1.000000000 -2.244777918
  4  90.00 1  -7.24  -2.24   1.00   5.00
 14.00000000 -14.44444466
 15.00000000 -14.44444466
 13.00000000 -14.33733273
 12.00000000 -14.24566650
 11.00000000 -14.13855553
 10.00000000 -13.90988922
 9.000000000 -13.77288914
 8.000000000 -13.59055614
 7.000000000 -13.34844494
 6.000000000 -12.97333431
 5.000000000 -12.33322239
 4.000000000 -11.25277805
 3.000000000 -9.487444878
 2.000000000 -6.917222500
 1.000000000 -3.755888939
  4 140.00 1 -11.82  -3.76   1.00   8.06
 14.00000000 -22.22222137
 15.00000000 -22.22222137
 13.00000000 -22.06066704
 12.00000000 -21.92233467
 11.00000000 -21.76077652
 10.00000000 -21.41544533
 9.000000000 -21.20844460
 8.000000000 -20.93277740
 7.000000000 -20.56622124
 6.000000000 -19.99666595
 5.000000000 -19.02210999
 4.000000000 -17.37388802
 3.000000000 -14.67522240
 2.000000000 -10.73611164
 1.000000000 -5.871444702
  4 210.00 1 -18.23  -5.87   1.00  12.36
 14.00000000 -37.77777863
 15.00000000 -37.77777863
 13.00000000 -37.50733185
 12.00000000 -37.27566528
 11.00000000 -37.00522232
 10.00000000 -36.42655563
 9.000000000 -36.07955551
 8.000000000 -35.61722183
 7.000000000 -35.00178146
 6.000000000 -34.04333496
 5.000000000 -32.39989090
 4.000000000 -29.61611176
 3.000000000 -25.05077744
 2.000000000 -18.37388992
 1.000000000 -10.10255623
  4 350.00 1 -31.04 -10.10   1.00  20.94
 14.00000000 -54.44444275
 15.00000000 -54.44444275
 13.00000000 -54.05733490
 12.00000000 -53.72566605
 11.00000000 -53.33855438
 10.00000000 -52.50988770
 9.000000000 -52.01288986
 8.000000000 -51.35055542
 7.000000000 -50.46844482
 6.000000000 -49.09333420
 5.000000000 -46.73322296
 4.000000000 -42.73277664
 3.000000000 -36.16744614
 2.000000000 -26.55722237
 1.000000000 -14.63589001
  4 500.00 1 -44.78 -14.64   1.00  30.14

